   1.0000000000000000E-008   295.23305178285398     
   2.0000000000000000E-008   171.86922586263375     
   3.0000000000000004E-008   129.87587031628610     
   4.0000000000000001E-008   108.45444495112379     
   4.9999999999999998E-008   95.348918192810700     
   6.0000000000000008E-008   86.444104407679561     
   7.0000000000000005E-008   79.963918150570862     
   8.0000000000000002E-008   75.014186543968847     
   8.9999999999999999E-008   71.094768865200450     
   9.9999999999999995E-008   67.903564286488347     
   1.1000000000000001E-007   65.247048114120417     
   1.2000000000000002E-007   62.995353499879954     
   1.3000000000000000E-007   61.057984953634048     
   1.4000000000000001E-007   59.369883637439415     
   1.4999999999999999E-007   57.883032630749945     
   1.6000000000000000E-007   56.561189079167555     
   1.7000000000000001E-007   55.376461928686425     
   1.8000000000000000E-007   54.307021322426202     
   1.9000000000000001E-007   53.335525130525077     
   1.9999999999999999E-007   52.448013174817682     
   2.1000000000000000E-007   51.633114289026494     
   2.2000000000000001E-007   50.881467384831787     
   2.2999999999999999E-007   50.185291885225176     
   2.4000000000000003E-007   49.538064309546300     
   2.4999999999999999E-007   48.934271539561969     
   2.6000000000000000E-007   48.369220305440791     
   2.7000000000000001E-007   47.838888451789167     
   2.8000000000000002E-007   47.339807640028582     
   2.9000000000000003E-007   46.868969975399878     
   2.9999999999999999E-007   46.423753034293000     
   3.1000000000000000E-007   46.001859181603315     
   3.2000000000000001E-007   45.601266086719434     
   3.3000000000000002E-007   45.220186089658682     
   3.4000000000000003E-007   44.857032616516854     
   3.4999999999999998E-007   44.510392251256000     
   3.5999999999999999E-007   44.179001377516826     
   3.7000000000000000E-007   43.861726536788488     
   3.8000000000000001E-007   43.557547827249849     
   3.9000000000000002E-007   43.265544804834747     
   3.9999999999999998E-007   42.984884454685513     
   4.0999999999999999E-007   42.714810884560450     
   4.2000000000000000E-007   42.454636457439634     
   4.3000000000000001E-007   42.203734132620383     
   4.4000000000000002E-007   41.961530826084733     
   4.5000000000000003E-007   41.727501634184890     
   4.5999999999999999E-007   41.501164791504003     
   4.7000000000000000E-007   41.282077255471876     
   4.8000000000000006E-007   41.069830828000107     
   4.8999999999999997E-007   40.864048738867517     
   4.9999999999999998E-007   40.664382627472527     
   5.0999999999999999E-007   40.470509869377210     
   5.2000000000000000E-007   40.282131202194925     
   5.3000000000000001E-007   40.098968612133461     
   5.4000000000000002E-007   39.920763448151249     
   5.5000000000000003E-007   39.747274735415083     
   5.6000000000000004E-007   39.578277663727000     
   5.7000000000000005E-007   39.413562229945867     
   5.8000000000000006E-007   39.252932016272119     
   5.8999999999999996E-007   39.096203088678713     
   5.9999999999999997E-007   38.943203001828323     
   6.0999999999999998E-007   38.793769898574070     
   6.1999999999999999E-007   38.647751693647159     
   6.3000000000000000E-007   38.505005332428205     
   6.4000000000000001E-007   38.365396116813734     
   6.5000000000000002E-007   38.228797091151613     
   6.6000000000000003E-007   38.095088482052596     
   6.7000000000000004E-007   37.964157186608148     
   6.8000000000000005E-007   37.835896304173957     
   6.9000000000000006E-007   37.710204707426740     
   6.9999999999999997E-007   37.586986648881144     
   7.0999999999999998E-007   37.466151399473098     
   7.1999999999999999E-007   37.347612916183884     
   7.3000000000000000E-007   37.231289536002770     
   7.4000000000000001E-007   37.117103693811011     
   7.5000000000000002E-007   37.004981662021329     
   7.6000000000000003E-007   36.894853310029418     
   7.7000000000000004E-007   36.786651881730570     
   7.8000000000000005E-007   36.680313789529336     
   7.9000000000000006E-007   36.575778423425120     
   7.9999999999999996E-007   36.472987973894554     
   8.0999999999999997E-007   36.371887267414785     
   8.1999999999999998E-007   36.272423613581317     
   8.2999999999999999E-007   36.174546662872515     
   8.4000000000000000E-007   36.078208274200563     
   8.5000000000000001E-007   35.983362391467587     
   8.6000000000000002E-007   35.889964928416447     
   8.7000000000000003E-007   35.797973661129113     
   8.8000000000000004E-007   35.707348127582989     
   8.9000000000000006E-007   35.618049533727017     
   9.0000000000000007E-007   35.530040665586007     
   9.0999999999999997E-007   35.443285806943685     
   9.1999999999999998E-007   35.357750662192913     
   9.2999999999999999E-007   35.273402283976154     
   9.4000000000000000E-007   35.190209005270312     
   9.5000000000000001E-007   35.108140375598552     
   9.6000000000000013E-007   35.027167101077289     
   9.7000000000000003E-007   34.947260988030173     
   9.7999999999999993E-007   34.868394889922008     
   9.9000000000000005E-007   34.790542657385117     
   9.9999999999999995E-007   34.713679091128220     
   1.0100000000000001E-006   34.637779897534337     
   1.0200000000000000E-006   34.562821646768661     
   1.0300000000000001E-006   34.488781733231200     
   1.0400000000000000E-006   34.415638338201170     
   1.0500000000000001E-006   34.343370394531483     
   1.0600000000000000E-006   34.271957553262247     
   1.0699999999999999E-006   34.201380152031454     
   1.0800000000000000E-006   34.131619185170095     
   1.0899999999999999E-006   34.062656275376831     
   1.1000000000000001E-006   33.994473646874837     
   1.1100000000000000E-006   33.927054099960273     
   1.1200000000000001E-006   33.860380986858075     
   1.1300000000000000E-006   33.794438188806673     
   1.1400000000000001E-006   33.729210094298480     
   1.1500000000000000E-006   33.664681578408121     
   1.1600000000000001E-006   33.600837983144658     
   1.1700000000000000E-006   33.537665098768677     
   1.1799999999999999E-006   33.475149146018694     
   1.1900000000000000E-006   33.413276759195135     
   1.1999999999999999E-006   33.352034970053460     
   1.2100000000000001E-006   33.291411192461119     
   1.2200000000000000E-006   33.231393207775973     
   1.2300000000000001E-006   33.171969150906371     
   1.2400000000000000E-006   33.113127497015689     
   1.2500000000000001E-006   33.054857048836475     
   1.2600000000000000E-006   32.997146924561328     
   1.2700000000000001E-006   32.939986546279897     
   1.2800000000000000E-006   32.883365628933021     
   1.2899999999999999E-006   32.827274169756926     
   1.3000000000000000E-006   32.771702438192008     
   1.3100000000000000E-006   32.716640966232127     
   1.3200000000000001E-006   32.662080539191898     
   1.3300000000000000E-006   32.608012186870752     
   1.3400000000000001E-006   32.554427175093672     
   1.3500000000000000E-006   32.501316997609798     
   1.3600000000000001E-006   32.448673368331093     
   1.3700000000000000E-006   32.396488213894337     
   1.3800000000000001E-006   32.344753666530579     
   1.3900000000000000E-006   32.293462057227089     
   1.3999999999999999E-006   32.242605909167779     
   1.4100000000000001E-006   32.192177931438692     
   1.4200000000000000E-006   32.142171012986005     
   1.4300000000000001E-006   32.092578216814545     
   1.4400000000000000E-006   32.043392774415715     
   1.4500000000000001E-006   31.994608080413951     
   1.4600000000000000E-006   31.946217687421782     
   1.4700000000000001E-006   31.898215301093856     
   1.4800000000000000E-006   31.850594775370862     
   1.4900000000000001E-006   31.803350107904798     
   1.5000000000000000E-006   31.756475435657403     
   1.5099999999999999E-006   31.709965030664055     
   1.5200000000000001E-006   31.663813295955801     
   1.5300000000000000E-006   31.618014761632541     
   1.5400000000000001E-006   31.572564081080777     
   1.5500000000000000E-006   31.527456027329691     
   1.5600000000000001E-006   31.482685489539460     
   1.5700000000000000E-006   31.438247469616336     
   1.5800000000000001E-006   31.394137078948901     
   1.5900000000000000E-006   31.350349535260520     
   1.5999999999999999E-006   31.306880159573044     
   1.6100000000000000E-006   31.263724373277118     
   1.6199999999999999E-006   31.220877695304715     
   1.6300000000000001E-006   31.178335739399643     
   1.6400000000000000E-006   31.136094211482050     
   1.6500000000000001E-006   31.094148907103072     
   1.6600000000000000E-006   31.052495708986015     
   1.6700000000000001E-006   31.011130584650555     
   1.6800000000000000E-006   30.970049584116683     
   1.6900000000000001E-006   30.929248837685229     
   1.7000000000000000E-006   30.888724553791885     
   1.7099999999999999E-006   30.848473016931955     
   1.7200000000000000E-006   30.808490585652965     
   1.7300000000000000E-006   30.768773690612608     
   1.7400000000000001E-006   30.729318832699427     
   1.7500000000000000E-006   30.690122581213888     
   1.7600000000000001E-006   30.651181572107546     
   1.7700000000000000E-006   30.612492506278066     
   1.7800000000000001E-006   30.574052147918056     
   1.7900000000000000E-006   30.535857322915678     
   1.8000000000000001E-006   30.497904917305103     
   1.8100000000000000E-006   30.460191875764991     
   1.8199999999999999E-006   30.422715200163225     
   1.8300000000000001E-006   30.385471948146208     
   1.8400000000000000E-006   30.348459231771127     
   1.8500000000000001E-006   30.311674216179593     
   1.8600000000000000E-006   30.275114118311237     
   1.8700000000000001E-006   30.238776205655743     
   1.8800000000000000E-006   30.202657795042082     
   1.8900000000000001E-006   30.166756251463507     
   1.9000000000000000E-006   30.131068986937141     
   1.9099999999999999E-006   30.095593459396916     
   1.9200000000000003E-006   30.060327171618724     
   1.9300000000000002E-006   30.025267670176646     
   1.9400000000000001E-006   29.990412544429219     
   1.9500000000000000E-006   29.955759425534687     
   1.9599999999999999E-006   29.921305985494300     
   1.9700000000000002E-006   29.887049936222642     
   1.9800000000000001E-006   29.852989028644171     
   1.9900000000000000E-006   29.819121051814999     
   1.9999999999999999E-006   29.785443832069173     
   2.0100000000000002E-006   29.751955232188536     
   2.0200000000000001E-006   29.718653150595522     
   2.0300000000000000E-006   29.685535520568006     
   2.0400000000000000E-006   29.652600309475609     
   2.0499999999999999E-006   29.619845518036648     
   2.0600000000000002E-006   29.587269179595186     
   2.0700000000000001E-006   29.554869359417431     
   2.0800000000000000E-006   29.522644154006947     
   2.0899999999999999E-006   29.490591690438034     
   2.1000000000000002E-006   29.458710125706709     
   2.1100000000000001E-006   29.426997646098787     
   2.1200000000000000E-006   29.395452466574433     
   2.1299999999999999E-006   29.364072830168762     
   2.1399999999999998E-006   29.332857007407945     
   2.1500000000000002E-006   29.301803295740360     
   2.1600000000000001E-006   29.270910018982320     
   2.1700000000000000E-006   29.240175526777925     
   2.1799999999999999E-006   29.209598194072647     
   2.1900000000000002E-006   29.179176420600182     
   2.2000000000000001E-006   29.148908630382216     
   2.2100000000000000E-006   29.118793271240687     
   2.2199999999999999E-006   29.088828814322191     
   2.2300000000000002E-006   29.059013753634169     
   2.2400000000000002E-006   29.029346605592526     
   2.2500000000000001E-006   28.999825908580320     
   2.2600000000000000E-006   28.970450222517282     
   2.2699999999999999E-006   28.941218128439733     
   2.2800000000000002E-006   28.912128228090687     
   2.2900000000000001E-006   28.883179143519840     
   2.3000000000000000E-006   28.854369516693094     
   2.3099999999999999E-006   28.825698009111434     
   2.3200000000000002E-006   28.797163301438829     
   2.3300000000000001E-006   28.768764093138930     
   2.3400000000000000E-006   28.740499102120310     
   2.3499999999999999E-006   28.712367064390005     
   2.3599999999999999E-006   28.684366733715127     
   2.3700000000000002E-006   28.656496881292348     
   2.3800000000000001E-006   28.628756295424974     
   2.3900000000000000E-006   28.601143781207483     
   2.3999999999999999E-006   28.573658160217256     
   2.4100000000000002E-006   28.546298270213335     
   2.4200000000000001E-006   28.519062964842032     
   2.4300000000000000E-006   28.491951113349160     
   2.4399999999999999E-006   28.464961600298750     
   2.4500000000000003E-006   28.438093325298048     
   2.4600000000000002E-006   28.411345202728661     
   2.4700000000000001E-006   28.384716161483652     
   2.4800000000000000E-006   28.358205144710450     
   2.4899999999999999E-006   28.331811109559403     
   2.5000000000000002E-006   28.305533026937866     
   2.5100000000000001E-006   28.279369881269613     
   2.5200000000000000E-006   28.253320670259512     
   2.5299999999999999E-006   28.227384404663251     
   2.5400000000000002E-006   28.201560108062051     
   2.5500000000000001E-006   28.175846816642199     
   2.5600000000000001E-006   28.150243578979286     
   2.5700000000000000E-006   28.124749455827029     
   2.5799999999999999E-006   28.099363519910575     
   2.5900000000000002E-006   28.074084855724145     
   2.6000000000000001E-006   28.048912559332951     
   2.6100000000000000E-006   28.023845738179247     
   2.6199999999999999E-006   27.998883510892384     
   2.6300000000000002E-006   27.974025007102878     
   2.6400000000000001E-006   27.949269367260229     
   2.6500000000000000E-006   27.924615742454581     
   2.6599999999999999E-006   27.900063294241942     
   2.6699999999999998E-006   27.875611194473063     
   2.6800000000000002E-006   27.851258625125705     
   2.6900000000000001E-006   27.827004778140381     
   2.7000000000000000E-006   27.802848855259363     
   2.7099999999999999E-006   27.778790067868915     
   2.7200000000000002E-006   27.754827636844741     
   2.7300000000000001E-006   27.730960792400431     
   2.7400000000000000E-006   27.707188773938981     
   2.7499999999999999E-006   27.683510829907224     
   2.7600000000000003E-006   27.659926217653105     
   2.7700000000000002E-006   27.636434203285805     
   2.7800000000000001E-006   27.613034061538563     
   2.7900000000000000E-006   27.589725075634160     
   2.7999999999999999E-006   27.566506537153046     
   2.8100000000000002E-006   27.543377745904003     
   2.8200000000000001E-006   27.520338009797264     
   2.8300000000000000E-006   27.497386644720116     
   2.8399999999999999E-006   27.474522974414839     
   2.8500000000000002E-006   27.451746330358986     
   2.8600000000000001E-006   27.429056051647930     
   2.8700000000000001E-006   27.406451484879629     
   2.8800000000000000E-006   27.383931984041549     
   2.8899999999999999E-006   27.361496910399723     
   2.9000000000000002E-006   27.339145632389869     
   2.9100000000000001E-006   27.316877525510545     
   2.9200000000000000E-006   27.294691972218271     
   2.9299999999999999E-006   27.272588361824599     
   2.9400000000000002E-006   27.250566090395072     
   2.9500000000000001E-006   27.228624560650040     
   2.9600000000000000E-006   27.206763181867288     
   2.9699999999999999E-006   27.184981369786424     
   2.9800000000000003E-006   27.163278546515020     
   2.9900000000000002E-006   27.141654140436440     
   3.0000000000000001E-006   27.120107586119328     
   3.0100000000000000E-006   27.098638324228720     
   3.0199999999999999E-006   27.077245801438739     
   3.0300000000000002E-006   27.055929470346868     
   3.0400000000000001E-006   27.034688789389730     
   3.0500000000000000E-006   27.013523222760337     
   3.0599999999999999E-006   26.992432240326838     
   3.0700000000000003E-006   26.971415317552680     
   3.0800000000000002E-006   26.950471935418140     
   3.0900000000000001E-006   26.929601580343281     
   3.1000000000000000E-006   26.908803744112184     
   3.1099999999999999E-006   26.888077923798544     
   3.1200000000000002E-006   26.867423621692531     
   3.1300000000000001E-006   26.846840345228898     
   3.1400000000000000E-006   26.826327606916347     
   3.1499999999999999E-006   26.805884924268089     
   3.1600000000000002E-006   26.785511819733575     
   3.1700000000000001E-006   26.765207820631417     
   3.1800000000000000E-006   26.744972459083414     
   3.1900000000000000E-006   26.724805271949695     
   3.1999999999999999E-006   26.704705800764987     
   3.2100000000000002E-006   26.684673591675892     
   3.2200000000000001E-006   26.664708195379269     
   3.2300000000000000E-006   26.644809167061595     
   3.2399999999999999E-006   26.624976066339357     
   3.2500000000000002E-006   26.605208457200433     
   3.2600000000000001E-006   26.585505907946427     
   3.2700000000000000E-006   26.565867991135942     
   3.2799999999999999E-006   26.546294283528809     
   3.2900000000000003E-006   26.526784366031205     
   3.3000000000000002E-006   26.507337823641670     
   3.3100000000000001E-006   26.487954245398001     
   3.3200000000000000E-006   26.468633224324996     
   3.3299999999999999E-006   26.449374357383054     
   3.3400000000000002E-006   26.430177245417589     
   3.3500000000000001E-006   26.411041493109252     
   3.3600000000000000E-006   26.391966708924961     
   3.3699999999999999E-006   26.372952505069694     
   3.3800000000000002E-006   26.353998497439061     
   3.3900000000000002E-006   26.335104305572607     
   3.4000000000000001E-006   26.316269552607871     
   3.4100000000000000E-006   26.297493865235154     
   3.4199999999999999E-006   26.278776873652998     
   3.4300000000000002E-006   26.260118211524361     
   3.4400000000000001E-006   26.241517515933477     
   3.4500000000000000E-006   26.222974427343374     
   3.4599999999999999E-006   26.204488589554060     
   3.4700000000000002E-006   26.186059649661356     
   3.4800000000000001E-006   26.167687258016343     
   3.4900000000000000E-006   26.149371068185459     
   3.4999999999999999E-006   26.131110736911172     
   3.5100000000000003E-006   26.112905924073292     
   3.5200000000000002E-006   26.094756292650821     
   3.5300000000000001E-006   26.076661508684438     
   3.5400000000000000E-006   26.058621241239496     
   3.5499999999999999E-006   26.040635162369608     
   3.5600000000000002E-006   26.022702947080770     
   3.5700000000000001E-006   26.004824273296030     
   3.5800000000000000E-006   25.986998821820666     
   3.5899999999999999E-006   25.969226276307893     
   3.6000000000000003E-006   25.951506323225075     
   3.6100000000000002E-006   25.933838651820452     
   3.6200000000000001E-006   25.916222954090323     
   3.6300000000000000E-006   25.898658924746748     
   3.6399999999999999E-006   25.881146261185698     
   3.6500000000000002E-006   25.863684663455683     
   3.6600000000000001E-006   25.846273834226832     
   3.6700000000000000E-006   25.828913478760430     
   3.6799999999999999E-006   25.811603304878883     
   3.6900000000000002E-006   25.794343022936122     
   3.7000000000000002E-006   25.777132345788438     
   3.7100000000000001E-006   25.759970988765733     
   3.7200000000000000E-006   25.742858669643191     
   3.7300000000000003E-006   25.725795108613315     
   3.7400000000000002E-006   25.708780028258431     
   3.7500000000000001E-006   25.691813153523512     
   3.7600000000000000E-006   25.674894211689438     
   3.7699999999999999E-006   25.658022932346594     
   3.7800000000000002E-006   25.641199047368879     
   3.7900000000000001E-006   25.624422290888049     
   3.8000000000000000E-006   25.607692399268423     
   3.8099999999999999E-006   25.591009111081963     
   3.8199999999999998E-006   25.574372167083684     
   3.8299999999999998E-006   25.557781310187398     
   3.8400000000000005E-006   25.541236285441808     
   3.8500000000000004E-006   25.524736840006945     
   3.8600000000000003E-006   25.508282723130879     
   3.8700000000000002E-006   25.491873686126819     
   3.8800000000000001E-006   25.475509482350457     
   3.8900000000000000E-006   25.459189867177688     
   3.8999999999999999E-006   25.442914597982575     
   3.9099999999999998E-006   25.426683434115645     
   3.9199999999999997E-006   25.410496136882482     
   3.9300000000000005E-006   25.394352469522588     
   3.9400000000000004E-006   25.378252197188555     
   3.9500000000000003E-006   25.362195086925475     
   3.9600000000000002E-006   25.346180907650691     
   3.9700000000000001E-006   25.330209430133749     
   3.9800000000000000E-006   25.314280426976662     
   3.9899999999999999E-006   25.298393672594429     
   3.9999999999999998E-006   25.282548943195792     
   4.0099999999999997E-006   25.266746016764277     
   4.0200000000000005E-006   25.250984673039458     
   4.0300000000000004E-006   25.235264693498493     
   4.0400000000000003E-006   25.219585861337869     
   4.0500000000000002E-006   25.203947961455427     
   4.0600000000000001E-006   25.188350780432586     
   4.0700000000000000E-006   25.172794106516822     
   4.0799999999999999E-006   25.157277729604353     
   4.0899999999999998E-006   25.141801441223073     
   4.0999999999999997E-006   25.126365034515686     
   4.1100000000000005E-006   25.110968304223068     
   4.1200000000000004E-006   25.095611046667837     
   4.1300000000000003E-006   25.080293059738146     
   4.1400000000000002E-006   25.065014142871650     
   4.1500000000000001E-006   25.049774097039730     
   4.1600000000000000E-006   25.034572724731873     
   4.1699999999999999E-006   25.019409829940262     
   4.1799999999999998E-006   25.004285218144574     
   4.1899999999999997E-006   24.989198696296963     
   4.2000000000000004E-006   24.974150072807213     
   4.2100000000000003E-006   24.959139157528114     
   4.2200000000000003E-006   24.944165761740987     
   4.2300000000000002E-006   24.929229698141413     
   4.2400000000000001E-006   24.914330780825129     
   4.2500000000000000E-006   24.899468825274091     
   4.2599999999999999E-006   24.884643648342745     
   4.2699999999999998E-006   24.869855068244412     
   4.2799999999999997E-006   24.855102904537905     
   4.2900000000000004E-006   24.840386978114243     
   4.3000000000000003E-006   24.825707111183597     
   4.3100000000000002E-006   24.811063127262344     
   4.3200000000000001E-006   24.796454851160288     
   4.3300000000000000E-006   24.781882108968077     
   4.3400000000000000E-006   24.767344728044705     
   4.3499999999999999E-006   24.752842537005236     
   4.3599999999999998E-006   24.738375365708624     
   4.3700000000000005E-006   24.723943045245701     
   4.3800000000000004E-006   24.709545407927319     
   4.3900000000000003E-006   24.695182287272605     
   4.4000000000000002E-006   24.680853517997399     
   4.4100000000000001E-006   24.666558936002790     
   4.4200000000000000E-006   24.652298378363806     
   4.4299999999999999E-006   24.638071683318248     
   4.4399999999999998E-006   24.623878690255633     
   4.4499999999999997E-006   24.609719239706305     
   4.4600000000000005E-006   24.595593173330617     
   4.4700000000000004E-006   24.581500333908309     
   4.4800000000000003E-006   24.567440565327956     
   4.4900000000000002E-006   24.553413712576560     
   4.5000000000000001E-006   24.539419621729284     
   4.5100000000000000E-006   24.525458139939264     
   4.5199999999999999E-006   24.511529115427575     
   4.5299999999999998E-006   24.497632397473293     
   4.5399999999999997E-006   24.483767836403693     
   4.5500000000000005E-006   24.469935283584526     
   4.5600000000000004E-006   24.456134591410461     
   4.5700000000000003E-006   24.442365613295568     
   4.5800000000000002E-006   24.428628203663976     
   4.5900000000000001E-006   24.414922217940603     
   4.6000000000000000E-006   24.401247512542000     
   4.6099999999999999E-006   24.387603944867291     
   4.6199999999999998E-006   24.373991373289229     
   4.6299999999999997E-006   24.360409657145361     
   4.6400000000000005E-006   24.346858656729253     
   4.6500000000000004E-006   24.333338233281872     
   4.6600000000000003E-006   24.319848248983014     
   4.6700000000000002E-006   24.306388566942861     
   4.6800000000000001E-006   24.292959051193616     
   4.6900000000000000E-006   24.279559566681240     
   4.6999999999999999E-006   24.266189979257277     
   4.7099999999999998E-006   24.252850155670771     
   4.7199999999999997E-006   24.239539963560283     
   4.7300000000000005E-006   24.226259271445976     
   4.7400000000000004E-006   24.213007948721799     
   4.7500000000000003E-006   24.199785865647776     
   4.7600000000000002E-006   24.186592893342336     
   4.7700000000000001E-006   24.173428903774770     
   4.7800000000000000E-006   24.160293769757757     
   4.7899999999999999E-006   24.147187364939953     
   4.7999999999999998E-006   24.134109563798688     
   4.8099999999999997E-006   24.121060241632744     
   4.8200000000000004E-006   24.108039274555164     
   4.8300000000000003E-006   24.095046539486219     
   4.8400000000000002E-006   24.082081914146375     
   4.8500000000000002E-006   24.069145277049376     
   4.8600000000000001E-006   24.056236507495399     
   4.8700000000000000E-006   24.043355485564277     
   4.8799999999999999E-006   24.030502092108790     
   4.8899999999999998E-006   24.017676208748039     
   4.9000000000000005E-006   24.004877717860879     
   4.9100000000000004E-006   23.992106502579439     
   4.9200000000000003E-006   23.979362446782687     
   4.9300000000000002E-006   23.966645435090090     
   4.9400000000000001E-006   23.953955352855310     
   4.9500000000000000E-006   23.941292086160015     
   4.9599999999999999E-006   23.928655521807691     
   4.9699999999999998E-006   23.916045547317584     
   4.9799999999999998E-006   23.903462050918648     
   4.9900000000000005E-006   23.890904921543605     
   5.0000000000000004E-006   23.878374048823044     
   5.0100000000000003E-006   23.865869323079565     
   5.0200000000000002E-006   23.853390635322032     
   5.0300000000000001E-006   23.840937877239828     
   5.0400000000000000E-006   23.828510941197226     
   5.0499999999999999E-006   23.816109720227765     
   5.0599999999999998E-006   23.803734108028728     
   5.0699999999999997E-006   23.791383998955656     
   5.0800000000000005E-006   23.779059288016917     
   5.0900000000000004E-006   23.766759870868341     
   5.1000000000000003E-006   23.754485643807900     
   5.1100000000000002E-006   23.742236503770446     
   5.1200000000000001E-006   23.730012348322514     
   5.1300000000000000E-006   23.717813075657155     
   5.1399999999999999E-006   23.705638584588847     
   5.1499999999999998E-006   23.693488774548438     
   5.1599999999999997E-006   23.681363545578144     
   5.1700000000000005E-006   23.669262798326610     
   5.1800000000000004E-006   23.657186434044011     
   5.1900000000000003E-006   23.645134354577198     
   5.2000000000000002E-006   23.633106462364896     
   5.2100000000000001E-006   23.621102660432967     
   5.2200000000000000E-006   23.609122852389692     
   5.2299999999999999E-006   23.597166942421119     
   5.2399999999999998E-006   23.585234835286453     
   5.2499999999999997E-006   23.573326436313486     
   5.2600000000000005E-006   23.561441651394087     
   5.2700000000000004E-006   23.549580386979727     
   5.2800000000000003E-006   23.537742550077041     
   5.2900000000000002E-006   23.525928048243440     
   5.3000000000000001E-006   23.514136789582786     
   5.3100000000000000E-006   23.502368682741068     
   5.3199999999999999E-006   23.490623636902164     
   5.3299999999999998E-006   23.478901561783616     
   5.3399999999999997E-006   23.467202367632442     
   5.3500000000000004E-006   23.455525965221028     
   5.3600000000000004E-006   23.443872265843019     
   5.3700000000000003E-006   23.432241181309266     
   5.3800000000000002E-006   23.420632623943803     
   5.3900000000000001E-006   23.409046506579887     
   5.4000000000000000E-006   23.397482742556058     
   5.4099999999999999E-006   23.385941245712221     
   5.4199999999999998E-006   23.374421930385807     
   5.4300000000000005E-006   23.362924711407938     
   5.4400000000000004E-006   23.351449504099634     
   5.4500000000000003E-006   23.339996224268070     
   5.4600000000000002E-006   23.328564788202858     
   5.4700000000000001E-006   23.317155112672360     
   5.4800000000000000E-006   23.305767114920052     
   5.4900000000000000E-006   23.294400712660902     
   5.4999999999999999E-006   23.283055824077810     
   5.5099999999999998E-006   23.271732367818046     
   5.5200000000000005E-006   23.260430262989750     
   5.5300000000000004E-006   23.249149429158461     
   5.5400000000000003E-006   23.237889786343661     
   5.5500000000000002E-006   23.226651255015380     
   5.5600000000000001E-006   23.215433756090796     
   5.5700000000000000E-006   23.204237210930909     
   5.5799999999999999E-006   23.193061541337208     
   5.5899999999999998E-006   23.181906669548393     
   5.5999999999999997E-006   23.170772518237129     
   5.6100000000000005E-006   23.159659010506797     
   5.6200000000000004E-006   23.148566069888329     
   5.6300000000000003E-006   23.137493620337018     
   5.6400000000000002E-006   23.126441586229401     
   5.6500000000000001E-006   23.115409892360137     
   5.6600000000000000E-006   23.104398463938942     
   5.6699999999999999E-006   23.093407226587534     
   5.6799999999999998E-006   23.082436106336598     
   5.6899999999999997E-006   23.071485029622810     
   5.7000000000000005E-006   23.060553923285873     
   5.7100000000000004E-006   23.049642714565557     
   5.7200000000000003E-006   23.038751331098798     
   5.7300000000000002E-006   23.027879700916806     
   5.7400000000000001E-006   23.017027752442221     
   5.7500000000000000E-006   23.006195414486250     
   5.7599999999999999E-006   22.995382616245887     
   5.7699999999999998E-006   22.984589287301109     
   5.7799999999999997E-006   22.973815357612128     
   5.7900000000000005E-006   22.963060757516647     
   5.8000000000000004E-006   22.952325417727167     
   5.8100000000000003E-006   22.941609269328286     
   5.8200000000000002E-006   22.930912243774049     
   5.8300000000000001E-006   22.920234272885306     
   5.8400000000000000E-006   22.909575288847098     
   5.8499999999999999E-006   22.898935224206063     
   5.8599999999999998E-006   22.888314011867880     
   5.8699999999999997E-006   22.877711585094719     
   5.8800000000000005E-006   22.867127877502703     
   5.8900000000000004E-006   22.856562823059441     
   5.9000000000000003E-006   22.846016356081520     
   5.9100000000000002E-006   22.835488411232063     
   5.9200000000000001E-006   22.824978923518287     
   5.9300000000000000E-006   22.814487828289106     
   5.9399999999999999E-006   22.804015061232722     
   5.9499999999999998E-006   22.793560558374253     
   5.9600000000000005E-006   22.783124256073396     
   5.9700000000000004E-006   22.772706091022094     
   5.9800000000000003E-006   22.762306000242212     
   5.9900000000000002E-006   22.751923921083268     
   6.0000000000000002E-006   22.741559791220144     
   6.0100000000000001E-006   22.731213548650857     
   6.0200000000000000E-006   22.720885131694299     
   6.0299999999999999E-006   22.710574478988054     
   6.0399999999999998E-006   22.700281529486197     
   6.0500000000000005E-006   22.690006222457111     
   6.0600000000000004E-006   22.679748497481334     
   6.0700000000000003E-006   22.669508294449432     
   6.0800000000000002E-006   22.659285553559883     
   6.0900000000000001E-006   22.649080215316953     
   6.1000000000000000E-006   22.638892220528643     
   6.1099999999999999E-006   22.628721510304601     
   6.1199999999999999E-006   22.618568026054088     
   6.1299999999999998E-006   22.608431709483948     
   6.1400000000000005E-006   22.598312502596592     
   6.1500000000000004E-006   22.588210347687994     
   6.1600000000000003E-006   22.578125187345734     
   6.1700000000000002E-006   22.568056964447006     
   6.1800000000000001E-006   22.558005622156706     
   6.1900000000000000E-006   22.547971103925470     
   6.1999999999999999E-006   22.537953353487787     
   6.2099999999999998E-006   22.527952314860084     
   6.2199999999999997E-006   22.517967932338852     
   6.2300000000000005E-006   22.508000150498784     
   6.2400000000000004E-006   22.498048914190917     
   6.2500000000000003E-006   22.488114168540797     
   6.2600000000000002E-006   22.478195858946666     
   6.2700000000000001E-006   22.468293931077660     
   6.2800000000000000E-006   22.458408330871997     
   6.2899999999999999E-006   22.448539004535238     
   6.2999999999999998E-006   22.438685898538491     
   6.3099999999999997E-006   22.428848959616690     
   6.3200000000000005E-006   22.419028134766855     
   6.3300000000000004E-006   22.409223371246366     
   6.3400000000000003E-006   22.399434616571273     
   6.3500000000000002E-006   22.389661818514607     
   6.3600000000000001E-006   22.379904925104690     
   6.3700000000000000E-006   22.370163884623487     
   6.3799999999999999E-006   22.360438645604951     
   6.3899999999999998E-006   22.350729156833388     
   6.3999999999999997E-006   22.341035367341842     
   6.4100000000000005E-006   22.331357226410471     
   6.4200000000000004E-006   22.321694683564971     
   6.4300000000000003E-006   22.312047688574975     
   6.4400000000000002E-006   22.302416191452501     
   6.4500000000000001E-006   22.292800142450371     
   6.4600000000000000E-006   22.283199492060692     
   6.4699999999999999E-006   22.273614191013301     
   6.4799999999999998E-006   22.264044190274266     
   6.4900000000000005E-006   22.254489441044353     
   6.5000000000000004E-006   22.244949894757550     
   6.5100000000000004E-006   22.235425503079576     
   6.5200000000000003E-006   22.225916217906406     
   6.5300000000000002E-006   22.216421991362814     
   6.5400000000000001E-006   22.206942775800915     
   6.5500000000000000E-006   22.197478523798747     
   6.5599999999999999E-006   22.188029188158819     
   6.5699999999999998E-006   22.178594721906716     
   6.5800000000000005E-006   22.169175078289680     
   6.5900000000000004E-006   22.159770210775232     
   6.6000000000000003E-006   22.150380073049782     
   6.6100000000000002E-006   22.141004619017252     
   6.6200000000000001E-006   22.131643802797722     
   6.6300000000000000E-006   22.122297578726084     
   6.6400000000000000E-006   22.112965901350691     
   6.6499999999999999E-006   22.103648725432045     
   6.6599999999999998E-006   22.094346005941457     
   6.6700000000000005E-006   22.085057698059757     
   6.6800000000000004E-006   22.075783757175984     
   6.6900000000000003E-006   22.066524138886102     
   6.7000000000000002E-006   22.057278798991732     
   6.7100000000000001E-006   22.048047693498859     
   6.7200000000000000E-006   22.038830778616596     
   6.7299999999999999E-006   22.029628010755928     
   6.7399999999999998E-006   22.020439346528466     
   6.7499999999999997E-006   22.011264742745222     
   6.7600000000000005E-006   22.002104156415395     
   6.7700000000000004E-006   21.992957544745149     
   6.7800000000000003E-006   21.983824865136420     
   6.7900000000000002E-006   21.974706075185718     
   6.8000000000000001E-006   21.965601132682938     
   6.8100000000000000E-006   21.956509995610201     
   6.8199999999999999E-006   21.947432622140674     
   6.8299999999999998E-006   21.938368970637416     
   6.8399999999999997E-006   21.929318999652239     
   6.8500000000000005E-006   21.920282667924550     
   6.8600000000000004E-006   21.911259934380240     
   6.8700000000000003E-006   21.902250758130556     
   6.8800000000000002E-006   21.893255098470974     
   6.8900000000000001E-006   21.884272914880103     
   6.9000000000000000E-006   21.875304167018601     
   6.9099999999999999E-006   21.866348814728056     
   6.9199999999999998E-006   21.857406818029933     
   6.9300000000000006E-006   21.848478137124484     
   6.9400000000000005E-006   21.839562732389695     
   6.9500000000000004E-006   21.830660564380210     
   6.9600000000000003E-006   21.821771593826305     
   6.9700000000000002E-006   21.812895781632836     
   6.9800000000000001E-006   21.804033088878196     
   6.9900000000000000E-006   21.795183476813314     
   6.9999999999999999E-006   21.786346906860601     
   7.0099999999999998E-006   21.777523340612973     
   7.0200000000000006E-006   21.768712739832829     
   7.0300000000000005E-006   21.759915066451061     
   7.0400000000000004E-006   21.751130282566056     
   7.0500000000000003E-006   21.742358350442725     
   7.0600000000000002E-006   21.733599232511533     
   7.0700000000000001E-006   21.724852891367515     
   7.0800000000000000E-006   21.716119289769324     
   7.0899999999999999E-006   21.707398390638282     
   7.0999999999999998E-006   21.698690157057424     
   7.1100000000000005E-006   21.689994552270576     
   7.1200000000000004E-006   21.681311539681403     
   7.1300000000000003E-006   21.672641082852486     
   7.1400000000000002E-006   21.663983145504414     
   7.1500000000000002E-006   21.655337691514870     
   7.1600000000000001E-006   21.646704684917712     
   7.1700000000000000E-006   21.638084089902083     
   7.1799999999999999E-006   21.629475870811522     
   7.1899999999999998E-006   21.620879992143060     
   7.2000000000000005E-006   21.612296418546372     
   7.2100000000000004E-006   21.603725114822861     
   7.2200000000000003E-006   21.595166045924827     
   7.2300000000000002E-006   21.586619176954589     
   7.2400000000000001E-006   21.578084473163624     
   7.2500000000000000E-006   21.569561899951740     
   7.2599999999999999E-006   21.561051422866200     
   7.2699999999999999E-006   21.552553007600917     
   7.2799999999999998E-006   21.544066619995601     
   7.2900000000000005E-006   21.535592226034947     
   7.3000000000000004E-006   21.527129791847802     
   7.3100000000000003E-006   21.518679283706373     
   7.3200000000000002E-006   21.510240668025386     
   7.3300000000000001E-006   21.501813911361317     
   7.3400000000000000E-006   21.493398980411577     
   7.3499999999999999E-006   21.484995842013724     
   7.3599999999999998E-006   21.476604463144675     
   7.3699999999999997E-006   21.468224810919935     
   7.3800000000000005E-006   21.459856852592814     
   7.3900000000000004E-006   21.451500555553658     
   7.4000000000000003E-006   21.443155887329095     
   7.4100000000000002E-006   21.434822815581256     
   7.4200000000000001E-006   21.426501308107049     
   7.4300000000000000E-006   21.418191332837385     
   7.4399999999999999E-006   21.409892857836454     
   7.4499999999999998E-006   21.401605851300971     
   7.4600000000000006E-006   21.393330281559468     
   7.4700000000000005E-006   21.385066117071535     
   7.4800000000000004E-006   21.376813326427122     
   7.4900000000000003E-006   21.368571878345811     
   7.5000000000000002E-006   21.360341741676105     
   7.5100000000000001E-006   21.352122885394717     
   7.5200000000000000E-006   21.343915278605873     
   7.5299999999999999E-006   21.335718890540615     
   7.5399999999999998E-006   21.327533690556098     
   7.5500000000000006E-006   21.319359648134910     
   7.5600000000000005E-006   21.311196732884387     
   7.5700000000000004E-006   21.303044914535931     
   7.5800000000000003E-006   21.294904162944338     
   7.5900000000000002E-006   21.286774448087119     
   7.6000000000000001E-006   21.278655740063854     
   7.6100000000000000E-006   21.270548009095517     
   7.6199999999999999E-006   21.262451225523808     
   7.6299999999999998E-006   21.254365359810535     
   7.6399999999999997E-006   21.246290382536930     
   7.6499999999999996E-006   21.238226264403032     
   7.6599999999999995E-006   21.230172976227031     
   7.6699999999999994E-006   21.222130488944639     
   7.6800000000000010E-006   21.214098773608470     
   7.6900000000000009E-006   21.206077801387398     
   7.7000000000000008E-006   21.198067543565934     
   7.7100000000000007E-006   21.190067971543630     
   7.7200000000000006E-006   21.182079056834443     
   7.7300000000000005E-006   21.174100771066129     
   7.7400000000000004E-006   21.166133085979649     
   7.7500000000000003E-006   21.158175973428552     
   7.7600000000000002E-006   21.150229405378397     
   7.7700000000000001E-006   21.142293353906133     
   7.7800000000000001E-006   21.134367791199537     
   7.7900000000000000E-006   21.126452689556604     
   7.7999999999999999E-006   21.118548021384985     
   7.8099999999999998E-006   21.110653759201394     
   7.8199999999999997E-006   21.102769875631047     
   7.8299999999999996E-006   21.094896343407068     
   7.8399999999999995E-006   21.087033135369960     
   7.8499999999999994E-006   21.079180224467009     
   7.8600000000000010E-006   21.071337583751731     
   7.8700000000000009E-006   21.063505186383331     
   7.8800000000000008E-006   21.055683005626136     
   7.8900000000000007E-006   21.047871014849058     
   7.9000000000000006E-006   21.040069187525035     
   7.9100000000000005E-006   21.032277497230496     
   7.9200000000000004E-006   21.024495917644838     
   7.9300000000000003E-006   21.016724422549864     
   7.9400000000000002E-006   21.008962985829271     
   7.9500000000000001E-006   21.001211581468123     
   7.9600000000000000E-006   20.993470183552315     
   7.9699999999999999E-006   20.985738766268064     
   7.9799999999999998E-006   20.978017303901382     
   7.9899999999999997E-006   20.970305770837573     
   7.9999999999999996E-006   20.962604141560714     
   8.0099999999999995E-006   20.954912390653146     
   8.0199999999999994E-006   20.947230492794979     
   8.0299999999999994E-006   20.939558422763582     
   8.0400000000000009E-006   20.931896155433094     
   8.0500000000000009E-006   20.924243665773922     
   8.0600000000000008E-006   20.916600928852251     
   8.0700000000000007E-006   20.908967919829561     
   8.0800000000000006E-006   20.901344613962131     
   8.0900000000000005E-006   20.893730986600570     
   8.1000000000000004E-006   20.886127013189331     
   8.1100000000000003E-006   20.878532669266235     
   8.1200000000000002E-006   20.870947930462002     
   8.1300000000000001E-006   20.863372772499769     
   8.1400000000000000E-006   20.855807171194645     
   8.1499999999999999E-006   20.848251102453229     
   8.1599999999999998E-006   20.840704542273148     
   8.1699999999999997E-006   20.833167466742612     
   8.1799999999999996E-006   20.825639852039952     
   8.1899999999999995E-006   20.818121674433161     
   8.1999999999999994E-006   20.810612910279460     
   8.2100000000000010E-006   20.803113536024828     
   8.2200000000000009E-006   20.795623528203588     
   8.2300000000000008E-006   20.788142863437940     
   8.2400000000000007E-006   20.780671518437529     
   8.2500000000000006E-006   20.773209469999021     
   8.2600000000000005E-006   20.765756695005653     
   8.2700000000000004E-006   20.758313170426820     
   8.2800000000000003E-006   20.750878873317628     
   8.2900000000000002E-006   20.743453780818488     
   8.3000000000000002E-006   20.736037870154675     
   8.3100000000000001E-006   20.728631118635931     
   8.3200000000000000E-006   20.721233503656023     
   8.3299999999999999E-006   20.713845002692349     
   8.3399999999999998E-006   20.706465593305509     
   8.3499999999999997E-006   20.699095253138911     
   8.3599999999999996E-006   20.691733959918352     
   8.3699999999999995E-006   20.684381691451620     
   8.3799999999999994E-006   20.677038425628087     
   8.3900000000000010E-006   20.669704140418315     
   8.4000000000000009E-006   20.662378813873659     
   8.4100000000000008E-006   20.655062424125870     
   8.4200000000000007E-006   20.647754949386691     
   8.4300000000000006E-006   20.640456367947497     
   8.4400000000000005E-006   20.633166658178869     
   8.4500000000000004E-006   20.625885798530245     
   8.4600000000000003E-006   20.618613767529514     
   8.4700000000000002E-006   20.611350543782642     
   8.4800000000000001E-006   20.604096105973298     
   8.4900000000000000E-006   20.596850432862468     
   8.4999999999999999E-006   20.589613503288092     
   8.5099999999999998E-006   20.582385296164688     
   8.5199999999999997E-006   20.575165790482984     
   8.5299999999999996E-006   20.567954965309553     
   8.5399999999999996E-006   20.560752799786435     
   8.5499999999999995E-006   20.553559273130794     
   8.5599999999999994E-006   20.546374364634545     
   8.5700000000000010E-006   20.539198053664002     
   8.5800000000000009E-006   20.532030319659519     
   8.5900000000000008E-006   20.524871142135133     
   8.6000000000000007E-006   20.517720500678223     
   8.6100000000000006E-006   20.510578374949141     
   8.6200000000000005E-006   20.503444744680888     
   8.6300000000000004E-006   20.496319589678745     
   8.6400000000000003E-006   20.489202889819957     
   8.6500000000000002E-006   20.482094625053360     
   8.6600000000000001E-006   20.474994775399068     
   8.6700000000000000E-006   20.467903320948118     
   8.6799999999999999E-006   20.460820241862145     
   8.6899999999999998E-006   20.453745518373044     
   8.6999999999999997E-006   20.446679130782638     
   8.7099999999999996E-006   20.439621059462350     
   8.7199999999999995E-006   20.432571284852880     
   8.7299999999999994E-006   20.425529787463869     
   8.7400000000000010E-006   20.418496547873580     
   8.7500000000000009E-006   20.411471546728585     
   8.7600000000000008E-006   20.404454764743427     
   8.7700000000000007E-006   20.397446182700318     
   8.7800000000000006E-006   20.390445781448815     
   8.7900000000000005E-006   20.383453541905507     
   8.8000000000000004E-006   20.376469445053701     
   8.8100000000000004E-006   20.369493471943116     
   8.8200000000000003E-006   20.362525603689569     
   8.8300000000000002E-006   20.355565821474670     
   8.8400000000000001E-006   20.348614106545515     
   8.8500000000000000E-006   20.341670440214386     
   8.8599999999999999E-006   20.334734803858449     
   8.8699999999999998E-006   20.327807178919446     
   8.8799999999999997E-006   20.320887546903407     
   8.8899999999999996E-006   20.313975889380345     
   8.8999999999999995E-006   20.307072187983966     
   8.9099999999999994E-006   20.300176424411379     
   8.9200000000000010E-006   20.293288580422796     
   8.9300000000000009E-006   20.286408637841252     
   8.9400000000000008E-006   20.279536578552296     
   8.9500000000000007E-006   20.272672384503739     
   8.9600000000000006E-006   20.265816037705335     
   8.9700000000000005E-006   20.258967520228520     
   8.9800000000000004E-006   20.252126814206118     
   8.9900000000000003E-006   20.245293901832071     
   9.0000000000000002E-006   20.238468765361148     
   9.0100000000000001E-006   20.231651387108680     
   9.0200000000000000E-006   20.224841749450281     
   9.0299999999999999E-006   20.218039834821571     
   9.0399999999999998E-006   20.211245625717904     
   9.0499999999999997E-006   20.204459104694102     
   9.0599999999999997E-006   20.197680254364183     
   9.0699999999999996E-006   20.190909057401090     
   9.0799999999999995E-006   20.184145496536434     
   9.0899999999999994E-006   20.177389554560225     
   9.1000000000000010E-006   20.170641214320593     
   9.1100000000000009E-006   20.163900458723564     
   9.1200000000000008E-006   20.157167270732760     
   9.1300000000000007E-006   20.150441633369166     
   9.1400000000000006E-006   20.143723529710854     
   9.1500000000000005E-006   20.137012942892753     
   9.1600000000000004E-006   20.130309856106361     
   9.1700000000000003E-006   20.123614252599523     
   9.1800000000000002E-006   20.116926115676165     
   9.1900000000000001E-006   20.110245428696039     
   9.2000000000000000E-006   20.103572175074483     
   9.2099999999999999E-006   20.096906338282178     
   9.2199999999999998E-006   20.090247901844887     
   9.2299999999999997E-006   20.083596849343223     
   9.2399999999999996E-006   20.076953164412394     
   9.2499999999999995E-006   20.070316830741984     
   9.2599999999999994E-006   20.063687832075679     
   9.2700000000000010E-006   20.057066152211060     
   9.2800000000000009E-006   20.050451774999342     
   9.2900000000000008E-006   20.043844684345149     
   9.3000000000000007E-006   20.037244864206279     
   9.3100000000000006E-006   20.030652298593459     
   9.3200000000000006E-006   20.024066971570125     
   9.3300000000000005E-006   20.017488867252194     
   9.3400000000000004E-006   20.010917969807807     
   9.3500000000000003E-006   20.004354263457131     
   9.3600000000000002E-006   19.997797732472122     
   9.3700000000000001E-006   19.991248361176286     
   9.3800000000000000E-006   19.984706133944467     
   9.3899999999999999E-006   19.978171035202624     
   9.3999999999999998E-006   19.971643049427595     
   9.4099999999999997E-006   19.965122161146894     
   9.4199999999999996E-006   19.958608354938470     
   9.4299999999999995E-006   19.952101615430507     
   9.4399999999999994E-006   19.945601927301198     
   9.4500000000000010E-006   19.939109275278518     
   9.4600000000000009E-006   19.932623644140037     
   9.4700000000000008E-006   19.926145018712663     
   9.4800000000000007E-006   19.919673383872475     
   9.4900000000000006E-006   19.913208724544479     
   9.5000000000000005E-006   19.906751025702398     
   9.5100000000000004E-006   19.900300272368490     
   9.5200000000000003E-006   19.893856449613310     
   9.5300000000000002E-006   19.887419542555502     
   9.5400000000000001E-006   19.880989536361628     
   9.5500000000000000E-006   19.874566416245916     
   9.5599999999999999E-006   19.868150167470084     
   9.5699999999999999E-006   19.861740775343137     
   9.5799999999999998E-006   19.855338225221153     
   9.5899999999999997E-006   19.848942502507086     
   9.5999999999999996E-006   19.842553592650571     
   9.6099999999999995E-006   19.836171481147716     
   9.6199999999999994E-006   19.829796153540919     
   9.6300000000000010E-006   19.823427595418650     
   9.6400000000000009E-006   19.817065792415281     
   9.6500000000000008E-006   19.810710730210868     
   9.6600000000000007E-006   19.804362394530969     
   9.6700000000000006E-006   19.798020771146451     
   9.6800000000000005E-006   19.791685845873300     
   9.6900000000000004E-006   19.785357604572415     
   9.7000000000000003E-006   19.779036033149442     
   9.7100000000000002E-006   19.772721117554575     
   9.7200000000000001E-006   19.766412843782362     
   9.7300000000000000E-006   19.760111197871524     
   9.7399999999999999E-006   19.753816165904773     
   9.7499999999999998E-006   19.747527734008617     
   9.7599999999999997E-006   19.741245888353195     
   9.7699999999999996E-006   19.734970615152069     
   9.7799999999999995E-006   19.728701900662067     
   9.7899999999999994E-006   19.722439731183080     
   9.8000000000000010E-006   19.716184093057901     
   9.8100000000000009E-006   19.709934972672034     
   9.8200000000000008E-006   19.703692356453519     
   9.8300000000000008E-006   19.697456230872763     
   9.8400000000000007E-006   19.691226582442351     
   9.8500000000000006E-006   19.685003397716873     
   9.8600000000000005E-006   19.678786663292762     
   9.8700000000000004E-006   19.672576365808105     
   9.8800000000000003E-006   19.666372491942479     
   9.8900000000000002E-006   19.660175028416781     
   9.9000000000000001E-006   19.653983961993049     
   9.9100000000000000E-006   19.647799279474299     
   9.9199999999999999E-006   19.641620967704355     
   9.9299999999999998E-006   19.635449013567676     
   9.9399999999999997E-006   19.629283403989202     
   9.9499999999999996E-006   19.623124125934172     
   9.9599999999999995E-006   19.616971166407957     
   9.9699999999999994E-006   19.610824512455920     
   9.9800000000000010E-006   19.604684151163219     
   9.9900000000000009E-006   19.598550069654674     
   1.0000000000000001E-005   19.592422255094583     
