   51.6365662    
   99.9214783    
   57.1914253    
  -35.8219490    
  -93.4244232    
  -63.9098587    
   24.0536861    
   89.1902390    
   72.7108841    
  -8.64486313    
  -79.4597015    
  -75.5461731    
  -2.11505079    
   72.4981537    
   80.4174271    
   15.9664278    
  -60.5879860    
  -79.3742523    
  -24.6847610    
   52.0209274    
   80.5110931    
   36.0848999    
  -39.0903206    
  -75.9630508    
  -42.0241814    
   30.0836239    
   73.9008255    
   50.4043503    
  -17.2752819    
  -66.5248795    
  -53.1723480    
   8.92015266    
   62.0590820    
   58.3198357    
   2.75237608    
  -52.7438622    
  -57.8816681    
  -9.54340935    
   46.8292007    
   59.9331856    
   19.2886372    
  -36.5675430    
  -56.5866127    
  -23.8613911    
   30.2068558    
   55.9865341    
   31.1746101    
  -19.9840336    
  -50.3046341    
  -33.1816902    
   14.1187420    
   47.7338791    
   37.8762207    
  -4.80793667    
  -40.4822655    
  -37.2906570    
  0.221115291    
   36.7663155    
   39.4939041    
   7.50352955    
  -28.8045254    
  -36.5880203    
  -10.2620058    
   24.8109112    
   36.7040405    
   15.9863930    
  -16.9888115    
  -31.9970894    
  -16.6456547    
   13.5251675    
   30.6409492    
   20.2453823    
  -6.58536243    
  -24.8221512    
  -18.8265190    
   4.30879402    
   22.7338810    
   20.4630699    
   1.19472885    
  -16.5697670    
  -17.2589054    
  -1.84766698    
   14.5177698    
   17.3437576    
   5.60645294    
  -8.75431824    
  -12.8685036    
  -4.46217155    
   7.43887520    
   11.9998922    
   6.44021130    
  -2.70906639    
  -6.91486597    
  -3.59890604    
   2.67649293    
   5.79462147    
   4.02721024    
  0.576640010    
 -0.818594813    
  0.158529043    
   1.00000000    
  0.158529043    
 -0.818594813    
  0.576640010    
   4.02721024    
   5.79462147    
   2.67649293    
  -3.59890604    
  -6.91486597    
  -2.70906639    
   6.44021130    
   11.9998922    
   7.43887520    
  -4.46217155    
  -12.8685036    
  -8.75431824    
   5.60645294    
   17.3437576    
   14.5177698    
  -1.84766698    
  -17.2589054    
  -16.5697670    
   1.19472885    
   20.4630699    
   22.7338810    
   4.30879402    
  -18.8265190    
  -24.8221512    
  -6.58536243    
   20.2453823    
   30.6409492    
   13.5251675    
  -16.6456547    
  -31.9970894    
  -16.9888115    
   15.9863930    
   36.7040405    
   24.8109112    
  -10.2620058    
  -36.5880203    
  -28.8045254    
   7.50352955    
   39.4939041    
   36.7663155    
  0.221115291    
  -37.2906570    
  -40.4822655    
  -4.80793667    
   37.8762207    
   47.7338791    
   14.1187420    
  -33.1816902    
  -50.3046341    
  -19.9840336    
   31.1746101    
   55.9865341    
   30.2068558    
  -23.8613911    
  -56.5866127    
  -36.5675430    
   19.2886372    
   59.9331856    
   46.8292007    
  -9.54340935    
  -57.8816681    
  -52.7438622    
   2.75237608    
   58.3198357    
   62.0590820    
   8.92015266    
  -53.1723480    
  -66.5248795    
  -17.2752819    
   50.4043503    
   73.9008255    
   30.0836239    
  -42.0241814    
  -75.9630508    
  -39.0903206    
   36.0848999    
   80.5110931    
   52.0209274    
  -24.6847610    
  -79.3742523    
  -60.5879860    
   15.9664278    
   80.4174271    
   72.4981537    
  -2.11505079    
  -75.5461731    
  -79.4597015    
  -8.64486313    
   72.7108841    
   89.1902390    
   24.0536861    
  -63.9098587    
  -93.4244232    
  -35.8219490    
   57.1914253    
   99.9214783    
   51.6365662    
