    1.000    2.000    3.000
    1.100    2.255    2.945
    1.215    2.537    2.897
    1.348    2.850    2.858
    1.498    3.198    2.830
    1.668    3.586    2.814
    1.860    4.018    2.814
    2.076    4.501    2.832
    2.318    5.039    2.874
    2.590    5.640    2.943
    2.895    6.309    3.047
    3.237    7.053    3.194
    3.618    7.880    3.394
    4.044    8.797    3.660
    4.520    9.809    4.005
    5.049   10.922    4.450
    5.636   12.140    5.015
    6.286   13.464    5.728
    7.004   14.889    6.618
    7.793   16.406    7.720
    8.654   17.997    9.072
    9.588   19.632   10.712
   10.593   21.267   12.679
   11.660   22.841   15.004
   12.778   24.273   17.706
   13.928   25.464   20.780
   15.081   26.298   24.192
   16.203   26.652   27.866
   17.248   26.409   31.677
   18.164   25.477   35.460
   18.895   23.812   39.014
   19.387   21.439   42.130
   19.592   18.456   44.623
   19.479   15.034   46.361
   19.034   11.388   47.292
   18.269    7.750   47.447
   17.218    4.324   46.927
   15.928    1.266   45.877
   14.462   -1.332   44.461
   12.883   -3.439   42.832
   11.250   -5.073   41.119
    9.618   -6.284   39.418
    8.028   -7.138   37.794
    6.511   -7.705   36.285
    5.090   -8.049   34.908
    3.776   -8.230   33.666
    2.575   -8.293   32.555
    1.488   -8.278   31.563
    0.512   -8.213   30.680
   -0.361   -8.122   29.891
   -1.137   -8.019   29.185
   -1.825   -7.917   28.551
   -2.434   -7.825   27.980
   -2.973   -7.747   27.465
   -3.451   -7.688   26.997
   -3.874   -7.650   26.574
   -4.252   -7.634   26.190
   -4.590   -7.641   25.842
   -4.895   -7.670   25.529
   -5.173   -7.721   25.247
   -5.428   -7.793   24.997
   -5.664   -7.885   24.777
   -5.886   -7.996   24.587
   -6.097   -8.124   24.427
   -6.300   -8.268   24.296
   -6.497   -8.426   24.196
   -6.690   -8.596   24.126
   -6.880   -8.777   24.086
   -7.070   -8.966   24.078
   -7.260   -9.161   24.101
   -7.450   -9.360   24.156
   -7.641   -9.560   24.242
   -7.833   -9.759   24.360
   -8.025   -9.953   24.509
   -8.218  -10.141   24.689
   -8.410  -10.318   24.898
   -8.601  -10.481   25.136
   -8.789  -10.628   25.400
   -8.973  -10.755   25.688
   -9.151  -10.859   25.996
   -9.322  -10.938   26.323
   -9.484  -10.987   26.663
   -9.634  -11.006   27.012
   -9.771  -10.993   27.366
   -9.893  -10.946   27.719
   -9.999  -10.864   28.066
  -10.085  -10.749   28.402
  -10.152  -10.601   28.721
  -10.196  -10.421   29.017
  -10.219  -10.213   29.287
  -10.218   -9.979   29.526
  -10.194   -9.724   29.730
  -10.147   -9.451   29.896
  -10.078   -9.165   30.023
   -9.986   -8.872   30.108
   -9.875   -8.575   30.152
   -9.745   -8.279   30.155
   -9.598   -7.990   30.118
   -9.438   -7.710   30.042
   -9.265   -7.444   29.931
   -9.083   -7.194   29.786
   -8.894   -6.963   29.611
   -8.701   -6.753   29.409
   -8.506   -6.566   29.183
   -8.312   -6.402   28.937
   -8.121   -6.262   28.674
   -7.935   -6.146   28.397
   -7.756   -6.054   28.109
   -7.586   -5.985   27.814
   -7.426   -5.939   27.513
   -7.277   -5.915   27.210
   -7.141   -5.912   26.906
   -7.018   -5.930   26.605
   -6.909   -5.967   26.308
   -6.815   -6.022   26.017
   -6.736   -6.096   25.734
   -6.672   -6.186   25.460
   -6.623   -6.292   25.198
   -6.590   -6.414   24.949
   -6.572   -6.550   24.714
   -6.570   -6.701   24.495
   -6.583   -6.865   24.294
   -6.611   -7.041   24.112
   -6.654   -7.229   23.950
   -6.712   -7.429   23.810
   -6.784   -7.639   23.693
   -6.869   -7.858   23.601
   -6.968   -8.086   23.535
   -7.080   -8.321   23.497
   -7.204   -8.563   23.487
   -7.340   -8.808   23.507
   -7.487   -9.057   23.558
   -7.644   -9.306   23.641
   -7.810   -9.553   23.757
   -7.984   -9.796   23.906
   -8.165  -10.032   24.087
   -8.352  -10.259   24.302
   -8.543  -10.472   24.548
   -8.736  -10.669   24.826
   -8.929  -10.846   25.132
   -9.121  -10.999   25.465
   -9.309  -11.125   25.822
   -9.490  -11.220   26.198
   -9.663  -11.282   26.590
   -9.825  -11.308   26.992
   -9.973  -11.295   27.398
  -10.106  -11.243   27.804
  -10.219  -11.151   28.202
  -10.313  -11.019   28.586
  -10.383  -10.847   28.950
  -10.430  -10.640   29.288
  -10.451  -10.399   29.594
  -10.445  -10.128   29.863
  -10.414   -9.833   30.090
  -10.356   -9.518   30.274
  -10.272   -9.190   30.410
  -10.164   -8.853   30.499
  -10.033   -8.513   30.540
   -9.881   -8.177   30.534
   -9.710   -7.850   30.482
   -9.524   -7.535   30.386
   -9.325   -7.237   30.251
   -9.116   -6.959   30.079
   -8.901   -6.705   29.873
   -8.681   -6.475   29.639
   -8.461   -6.272   29.379
   -8.242   -6.095   29.098
   -8.027   -5.946   28.799
   -7.819   -5.824   28.487
   -7.619   -5.729   28.164
   -7.430   -5.659   27.833
   -7.253   -5.615   27.498
   -7.089   -5.594   27.162
   -6.940   -5.596   26.826
   -6.806   -5.620   26.493
   -6.687   -5.665   26.165
   -6.585   -5.729   25.845
   -6.499   -5.812   25.533
   -6.431   -5.912   25.233
   -6.379   -6.030   24.944
   -6.344   -6.163   24.670
   -6.326   -6.312   24.412
   -6.324   -6.476   24.170
   -6.340   -6.654   23.948
   -6.371   -6.846   23.745
   -6.419   -7.050   23.565
   -6.482   -7.267   23.407
   -6.560   -7.496   23.275
   -6.654   -7.736   23.169
   -6.762   -7.985   23.091
   -6.884   -8.243   23.043
   -7.020   -8.509   23.026
   -7.169   -8.780   23.041
   -7.330   -9.056   23.090
   -7.503   -9.334   23.175
   -7.686   -9.611   23.296
   -7.878   -9.886   23.453
   -8.079  -10.154   23.648
   -8.287  -10.413   23.881
   -8.499  -10.659   24.150
   -8.715  -10.888   24.455
   -8.932  -11.096   24.794
   -9.149  -11.278   25.164
   -9.362  -11.431   25.563
   -9.569  -11.550   25.987
   -9.767  -11.631   26.430
   -9.953  -11.671   26.887
  -10.125  -11.667   27.351
  -10.279  -11.617   27.816
  -10.413  -11.520   28.274
  -10.524  -11.376   28.717
  -10.609  -11.186   29.138
  -10.667  -10.953   29.529
  -10.695  -10.680   29.884
  -10.694  -10.372   30.196
  -10.661  -10.034   30.461
  -10.599   -9.673   30.674
  -10.506   -9.295   30.832
  -10.385   -8.908   30.935
  -10.237   -8.518   30.982
  -10.065   -8.133   30.975
   -9.872   -7.758   30.915
   -9.661   -7.399   30.805
   -9.434   -7.060   30.650
   -9.197   -6.746   30.453
   -8.952   -6.459   30.219
   -8.703   -6.201   29.953
   -8.452   -5.974   29.659
   -8.205   -5.778   29.342
   -7.962   -5.614   29.007
   -7.727   -5.480   28.657
   -7.502   -5.376   28.296
   -7.290   -5.300   27.928
   -7.091   -5.252   27.555
   -6.907   -5.231   27.182
   -6.739   -5.233   26.810
   -6.589   -5.260   26.441
   -6.456   -5.308   26.079
   -6.341   -5.376   25.724
   -6.245   -5.465   25.380
   -6.167   -5.572   25.046
   -6.107   -5.696   24.726
   -6.066   -5.838   24.421
   -6.043   -5.996   24.132
   -6.038   -6.169   23.861
   -6.052   -6.358   23.610
   -6.082   -6.562   23.379
   -6.130   -6.779   23.171
   -6.195   -7.011   22.988
   -6.277   -7.255   22.830
   -6.374   -7.512   22.700
   -6.488   -7.781   22.600
   -6.617   -8.060   22.531
   -6.762   -8.350   22.494
   -6.921   -8.647   22.493
   -7.093   -8.951   22.528
   -7.279   -9.260   22.601
   -7.477   -9.571   22.714
   -7.686   -9.882   22.868
   -7.906  -10.189   23.064
   -8.134  -10.488   23.302
   -8.370  -10.776   23.583
   -8.610  -11.049   23.905
   -8.854  -11.301   24.268
   -9.099  -11.528   24.670
   -9.342  -11.724   25.107
   -9.580  -11.883   25.576
   -9.810  -12.002   26.072
  -10.029  -12.076   26.588
  -10.234  -12.100   27.117
  -10.421  -12.071   27.652
  -10.586  -11.987   28.183
  -10.726  -11.847   28.702
  -10.838  -11.653   29.200
  -10.919  -11.405   29.667
  -10.968  -11.108   30.094
  -10.982  -10.767   30.474
  -10.961  -10.388   30.800
  -10.903   -9.979   31.067
  -10.811   -9.548   31.270
  -10.685   -9.103   31.409
  -10.526   -8.653   31.482
  -10.339   -8.207   31.491
  -10.126   -7.771   31.439
   -9.890   -7.353   31.327
   -9.637   -6.959   31.163
   -9.369   -6.593   30.949
   -9.091   -6.259   30.693
   -8.808   -5.959   30.400
   -8.523   -5.695   30.074
   -8.240   -5.467   29.723
   -7.963   -5.275   29.350
   -7.694   -5.119   28.962
   -7.437   -4.996   28.561
   -7.193   -4.906   28.152
   -6.964   -4.846   27.739
   -6.752   -4.815   27.324
   -6.558   -4.811   26.911
   -6.384   -4.833   26.502
   -6.229   -4.878   26.099
   -6.094   -4.945   25.705
   -5.979   -5.033   25.320
   -5.884   -5.140   24.947
   -5.810   -5.266   24.588
   -5.755   -5.410   24.244
   -5.721   -5.570   23.916
   -5.706   -5.748   23.606
   -5.710   -5.941   23.316
   -5.733   -6.150   23.047
   -5.775   -6.375   22.800
   -5.835   -6.614   22.578
   -5.913   -6.869   22.382
   -6.008   -7.138   22.214
   -6.121   -7.421   22.076
   -6.251   -7.717   21.970
   -6.398   -8.025   21.897
   -6.561   -8.345   21.861
   -6.739   -8.676   21.863
   -6.933   -9.014   21.905
   -7.141   -9.359   21.989
   -7.363   -9.708   22.117
   -7.597  -10.058   22.292
   -7.843  -10.405   22.513
   -8.100  -10.746   22.783
   -8.364  -11.075   23.102
   -8.635  -11.387   23.469
   -8.910  -11.677   23.884
   -9.187  -11.938   24.344
   -9.462  -12.165   24.846
   -9.732  -12.350   25.385
   -9.994  -12.488   25.956
  -10.243  -12.572   26.552
  -10.476  -12.598   27.164
  -10.689  -12.562   27.782
  -10.876  -12.460   28.396
  -11.034  -12.291   28.995
  -11.160  -12.057   29.568
  -11.250  -11.760   30.102
  -11.301  -11.405   30.588
  -11.311  -10.998   31.017
  -11.280  -10.548   31.380
  -11.207  -10.064   31.671
  -11.092   -9.556   31.886
  -10.939   -9.035   32.024
  -10.748   -8.513   32.085
  -10.525   -7.997   32.071
  -10.272   -7.499   31.986
   -9.995   -7.026   31.836
   -9.698   -6.584   31.625
   -9.387   -6.177   31.362
   -9.066   -5.811   31.052
   -8.740   -5.486   30.704
   -8.415   -5.204   30.323
   -8.094   -4.964   29.916
   -7.781   -4.765   29.489
   -7.479   -4.606   29.047
   -7.192   -4.485   28.595
   -6.921   -4.398   28.137
   -6.669   -4.345   27.676
   -6.436   -4.323   27.217
   -6.225   -4.328   26.760
   -6.035   -4.360   26.310
   -5.868   -4.415   25.867
   -5.723   -4.493   25.435
   -5.600   -4.592   25.014
   -5.499   -4.710   24.606
   -5.420   -4.847   24.212
   -5.363   -5.002   23.835
   -5.327   -5.174   23.475
   -5.311   -5.362   23.134
   -5.316   -5.567   22.813
   -5.342   -5.789   22.514
   -5.386   -6.026   22.238
   -5.450   -6.280   21.987
   -5.533   -6.550   21.763
   -5.635   -6.836   21.568
   -5.755   -7.138   21.404
   -5.893   -7.455   21.272
   -6.049   -7.788   21.176
   -6.223   -8.134   21.118
   -6.414   -8.494   21.100
   -6.622   -8.867   21.124
   -6.847   -9.249   21.194
   -7.087   -9.638   21.312
   -7.342  -10.033   21.480
   -7.611  -10.429   21.701
   -7.893  -10.822   21.977
   -8.186  -11.207   22.308
   -8.488  -11.578   22.696
   -8.797  -11.929   23.140
   -9.110  -12.252   23.639
   -9.424  -12.541   24.191
   -9.736  -12.786   24.791
  -10.041  -12.980   25.433
  -10.335  -13.116   26.110
  -10.613  -13.185   26.813
  -10.870  -13.182   27.531
  -11.101  -13.103   28.252
  -11.302  -12.943   28.961
  -11.466  -12.704   29.645
  -11.590  -12.386   30.290
  -11.669  -11.995   30.882
  -11.702  -11.538   31.409
  -11.685  -11.024   31.860
  -11.619  -10.465   32.226
  -11.504   -9.874   32.502
  -11.341   -9.265   32.686
  -11.133   -8.651   32.778
  -10.885   -8.044   32.779
  -10.601   -7.457   32.696
  -10.286   -6.899   32.534
   -9.948   -6.379   32.301
   -9.591   -5.903   32.006
   -9.222   -5.475   31.657
   -8.847   -5.096   31.264
   -8.472   -4.769   30.834
   -8.102   -4.492   30.376
   -7.741   -4.263   29.896
   -7.393   -4.080   29.400
   -7.062   -3.940   28.894
   -6.750   -3.840   28.383
   -6.459   -3.777   27.870
   -6.191   -3.748   27.359
   -5.946   -3.748   26.852
   -5.726   -3.776   26.353
   -5.531   -3.830   25.862
   -5.361   -3.906   25.381
   -5.216   -4.004   24.913
   -5.095   -4.121   24.459
   -4.997   -4.257   24.020
   -4.923   -4.410   23.596
   -4.872   -4.580   23.190
   -4.843   -4.768   22.803
   -4.835   -4.971   22.435
   -4.849   -5.191   22.088
   -4.883   -5.428   21.764
   -4.938   -5.682   21.465
   -5.012   -5.952   21.191
   -5.106   -6.241   20.944
   -5.219   -6.546   20.727
   -5.352   -6.870   20.542
   -5.504   -7.212   20.391
   -5.675   -7.572   20.277
   -5.864   -7.949   20.203
   -6.073   -8.343   20.171
   -6.300   -8.753   20.184
   -6.545   -9.177   20.247
   -6.808   -9.613   20.361
   -7.089  -10.058   20.531
   -7.386  -10.509   20.760
   -7.698  -10.961   21.050
   -8.024  -11.409   21.404
   -8.363  -11.847   21.824
   -8.711  -12.266   22.311
   -9.067  -12.660   22.864
   -9.426  -13.017   23.481
   -9.785  -13.329   24.159
  -10.140  -13.585   24.893
  -10.484  -13.775   25.673
  -10.813  -13.889   26.490
  -11.121  -13.918   27.332
  -11.401  -13.855   28.182
  -11.646  -13.695   29.026
  -11.851  -13.437   29.844
  -12.010  -13.081   30.619
  -12.117  -12.633   31.334
  -12.168  -12.101   31.971
  -12.162  -11.497   32.516
  -12.095  -10.836   32.960
  -11.969  -10.134   33.294
  -11.786   -9.408   33.515
  -11.548   -8.678   33.623
  -11.261   -7.958   33.623
  -10.930   -7.263   33.520
  -10.564   -6.608   33.324
  -10.168   -6.000   33.046
   -9.751   -5.448   32.696
   -9.321   -4.956   32.286
   -8.885   -4.526   31.827
   -8.449   -4.157   31.329
   -8.020   -3.849   30.803
   -7.602   -3.597   30.255
   -7.202   -3.399   29.693
   -6.822   -3.249   29.123
   -6.464   -3.144   28.549
   -6.132   -3.079   27.977
   -5.827   -3.050   27.408
   -5.549   -3.052   26.847
   -5.299   -3.082   26.294
   -5.078   -3.138   25.753
   -4.884   -3.217   25.223
   -4.717   -3.315   24.707
   -4.577   -3.433   24.205
   -4.463   -3.568   23.719
   -4.373   -3.720   23.249
   -4.308   -3.887   22.796
   -4.266   -4.070   22.362
   -4.246   -4.269   21.947
   -4.248   -4.483   21.552
   -4.272   -4.714   21.179
   -4.316   -4.961   20.828
   -4.381   -5.226   20.502
   -4.465   -5.508   20.201
   -4.569   -5.810   19.928
   -4.693   -6.130   19.684
   -4.837   -6.471   19.472
   -5.001   -6.833   19.295
   -5.184   -7.216   19.154
   -5.387   -7.620   19.054
   -5.610   -8.046   18.997
   -5.854   -8.493   18.988
   -6.118   -8.959   19.030
   -6.402   -9.444   19.127
   -6.706   -9.944   19.284
   -7.030  -10.457   19.505
   -7.373  -10.979   19.794
   -7.733  -11.504   20.156
   -8.110  -12.025   20.594
   -8.502  -12.535   21.110
   -8.905  -13.023   21.707
   -9.317  -13.479   22.384
   -9.733  -13.891   23.139
  -10.149  -14.245   23.968
  -10.559  -14.529   24.863
  -10.956  -14.727   25.813
  -11.333  -14.828   26.805
  -11.682  -14.819   27.821
  -11.996  -14.692   28.842
  -12.265  -14.442   29.844
  -12.483  -14.067   30.804
  -12.642  -13.572   31.699
  -12.735  -12.965   32.504
  -12.758  -12.261   33.202
  -12.708  -11.477   33.775
  -12.585  -10.636   34.213
  -12.390   -9.760   34.510
  -12.127   -8.873   34.666
  -11.802   -7.997   34.685
  -11.421   -7.154   34.577
  -10.994   -6.359   34.354
  -10.531   -5.626   34.031
  -10.040   -4.965   33.622
   -9.533   -4.379   33.143
   -9.017   -3.872   32.608
   -8.503   -3.441   32.031
   -7.997   -3.084   31.423
   -7.505   -2.796   30.795
   -7.035   -2.572   30.155
   -6.588   -2.404   29.509
   -6.170   -2.287   28.864
   -5.782   -2.214   28.222
   -5.425   -2.180   27.588
   -5.100   -2.179   26.963
   -4.808   -2.207   26.350
   -4.548   -2.260   25.750
   -4.319   -2.335   25.165
   -4.121   -2.428   24.594
   -3.952   -2.539   24.038
   -3.810   -2.664   23.499
   -3.696   -2.804   22.976
   -3.607   -2.957   22.470
   -3.542   -3.123   21.981
   -3.500   -3.303   21.511
   -3.480   -3.496   21.059
   -3.482   -3.702   20.626
   -3.504   -3.924   20.213
   -3.546   -4.161   19.822
   -3.607   -4.414   19.453
   -3.688   -4.685   19.107
   -3.788   -4.975   18.786
   -3.906   -5.285   18.491
   -4.044   -5.617   18.225
   -4.201   -5.971   17.990
   -4.378   -6.350   17.788
   -4.576   -6.754   17.623
   -4.793   -7.184   17.497
   -5.032   -7.640   17.415
   -5.293   -8.124   17.381
   -5.576   -8.635   17.399
   -5.882   -9.172   17.475
   -6.211   -9.734   17.613
   -6.564  -10.319   17.821
   -6.939  -10.922   18.104
   -7.337  -11.539   18.467
   -7.758  -12.163   18.919
   -8.198  -12.786   19.462
   -8.657  -13.397   20.103
   -9.131  -13.984   20.844
   -9.616  -14.532   21.685
  -10.108  -15.025   22.626
  -10.600  -15.445   23.660
  -11.084  -15.771   24.777
  -11.553  -15.986   25.963
  -11.996  -16.071   27.199
  -12.404  -16.009   28.459
  -12.764  -15.791   29.716
  -13.067  -15.409   30.937
  -13.301  -14.864   32.089
  -13.457  -14.165   33.139
  -13.528  -13.328   34.059
  -13.508  -12.376   34.822
  -13.395  -11.339   35.412
  -13.189  -10.248   35.820
  -12.895   -9.137   36.043
  -12.519   -8.039   36.088
  -12.071   -6.982   35.969
  -11.562   -5.991   35.702
  -11.005   -5.083   35.309
  -10.413   -4.271   34.813
   -9.799   -3.561   34.233
   -9.175   -2.954   33.591
   -8.553   -2.446   32.905
   -7.942   -2.032   32.189
   -7.351   -1.704   31.456
   -6.786   -1.452   30.715
   -6.253   -1.268   29.976
   -5.754   -1.141   29.242
   -5.293   -1.064   28.518
   -4.870   -1.028   27.808
   -4.486   -1.027   27.113
   -4.140   -1.053   26.433
   -3.831   -1.103   25.771
   -3.558   -1.171   25.125
   -3.320   -1.255   24.497
   -3.113   -1.351   23.886
   -2.937   -1.458   23.291
   -2.789   -1.575   22.714
   -2.668   -1.700   22.154
   -2.571   -1.834   21.610
   -2.497   -1.975   21.083
   -2.445   -2.124   20.573
   -2.413   -2.282   20.080
   -2.400   -2.450   19.603
   -2.405   -2.627   19.143
   -2.427   -2.816   18.701
   -2.466   -3.017   18.277
   -2.521   -3.232   17.871
   -2.592   -3.462   17.484
   -2.679   -3.709   17.117
   -2.782   -3.975   16.772
   -2.901   -4.261   16.448
   -3.037   -4.569   16.148
   -3.190   -4.902   15.874
   -3.362   -5.260   15.627
   -3.551   -5.647   15.411
   -3.761   -6.064   15.228
   -3.991   -6.513   15.082
   -4.243   -6.996   14.977
   -4.519   -7.515   14.917
   -4.818   -8.070   14.908
   -5.143   -8.662   14.956
   -5.495   -9.293   15.068
   -5.875   -9.960   15.251
   -6.284  -10.661   15.515
   -6.721  -11.394   15.867
   -7.189  -12.152   16.317
   -7.685  -12.928   16.875
   -8.209  -13.712   17.551
   -8.759  -14.490   18.352
   -9.333  -15.246   19.286
   -9.924  -15.958   20.355
  -10.527  -16.603   21.560
  -11.135  -17.154   22.895
  -11.737  -17.582   24.348
  -12.321  -17.856   25.899
  -12.875  -17.948   27.519
  -13.382  -17.833   29.172
  -13.827  -17.492   30.813
  -14.194  -16.918   32.392
  -14.466  -16.114   33.860
  -14.631  -15.095   35.165
  -14.677  -13.893   36.267
  -14.599  -12.547   37.131
  -14.394  -11.107   37.740
  -14.065   -9.626   38.087
  -13.621   -8.156   38.183
  -13.075   -6.743   38.046
  -12.441   -5.426   37.706
  -11.740   -4.232   37.198
  -10.989   -3.179   36.555
  -10.208   -2.274   35.813
   -9.415   -1.515   35.000
   -8.625   -0.897   34.144
   -7.852   -0.405   33.266
   -7.107   -0.027   32.380
   -6.399    0.254   31.501
   -5.734    0.452   30.635
   -5.115    0.582   29.788
   -4.546    0.658   28.964
   -4.025    0.690   28.164
   -3.554    0.689   27.388
   -3.129    0.663   26.637
   -2.750    0.619   25.910
   -2.413    0.562   25.205
   -2.116    0.497   24.523
   -1.855    0.428   23.861
   -1.626    0.356   23.219
   -1.428    0.284   22.596
   -1.257    0.214   21.990
   -1.110    0.145   21.402
   -0.984    0.078   20.831
   -0.878    0.015   20.275
   -0.789   -0.046   19.735
   -0.715   -0.105   19.209
   -0.654   -0.161   18.698
   -0.604   -0.216   18.201
   -0.566   -0.269   17.717
   -0.536   -0.322   17.246
   -0.514   -0.374   16.788
   -0.500   -0.426   16.343
   -0.493   -0.479   15.910
   -0.492   -0.534   15.488
   -0.496   -0.591   15.078
   -0.505   -0.650   14.679
   -0.520   -0.713   14.291
   -0.539   -0.780   13.914
   -0.563   -0.851   13.548
   -0.592   -0.928   13.192
   -0.626   -1.012   12.847
   -0.664   -1.102   12.512
   -0.708   -1.201   12.187
   -0.757   -1.308   11.871
   -0.812   -1.426   11.567
   -0.874   -1.556   11.272
   -0.942   -1.698   10.987
   -1.018   -1.854   10.713
   -1.101   -2.026   10.450
   -1.194   -2.215   10.197
   -1.296   -2.424    9.957
   -1.409   -2.653    9.729
   -1.533   -2.907    9.514
   -1.670   -3.187    9.313
   -1.822   -3.495    9.129
   -1.989   -3.836    8.962
   -2.174   -4.211    8.814
   -2.378   -4.625    8.689
   -2.603   -5.082    8.590
   -2.850   -5.584    8.520
   -3.124   -6.137    8.484
   -3.425   -6.744    8.489
   -3.757   -7.410    8.541
   -4.122   -8.138    8.649
   -4.524   -8.932    8.822
   -4.965   -9.795    9.073
   -5.448  -10.728    9.416
   -5.976  -11.731    9.866
   -6.551  -12.802   10.441
   -7.176  -13.934   11.163
   -7.852  -15.116   12.052
   -8.578  -16.333   13.132
   -9.354  -17.561   14.424
  -10.175  -18.766   15.949
  -11.034  -19.908   17.720
  -11.921  -20.935   19.743
  -12.823  -21.784   22.010
  -13.719  -22.388   24.495
  -14.586  -22.675   27.149
  -15.395  -22.580   29.901
  -16.113  -22.048   32.656
  -16.707  -21.049   35.302
  -17.141  -19.587   37.718
  -17.385  -17.702   39.790
  -17.417  -15.471   41.423
  -17.223  -13.005   42.558
  -16.801  -10.429   43.176
  -16.164   -7.872   43.297
  -15.334   -5.447   42.977
  -14.346   -3.244   42.297
  -13.235   -1.319   41.344
  -12.044    0.301   40.205
  -10.809    1.617   38.958
   -9.567    2.649   37.666
   -8.345    3.429   36.375
   -7.168    3.995   35.119
   -6.051    4.386   33.917
   -5.008    4.639   32.780
   -4.043    4.786   31.713
   -3.160    4.855   30.713
   -2.359    4.870   29.780
   -1.636    4.851   28.906
   -0.987    4.811   28.088
   -0.407    4.764   27.319
    0.110    4.717   26.596
    0.571    4.677   25.914
    0.981    4.651   25.268
    1.348    4.642   24.657
    1.678    4.651   24.078
    1.975    4.682   23.528
    2.246    4.736   23.007
    2.495    4.813   22.513
    2.726    4.914   22.047
    2.945    5.041   21.608
    3.155    5.192   21.195
    3.359    5.368   20.810
    3.559    5.571   20.454
    3.761    5.799   20.126
    3.964    6.053   19.830
    4.173    6.333   19.565
    4.389    6.640   19.335
    4.614    6.974   19.141
    4.850    7.334   18.986
    5.099    7.720   18.874
    5.361    8.132   18.806
    5.638    8.569   18.788
    5.931    9.030   18.823
    6.241    9.512   18.914
    6.568   10.014   19.068
    6.913   10.531   19.287
    7.274   11.060   19.577
    7.653   11.594   19.942
    8.047   12.126   20.386
    8.455   12.648   20.912
    8.874   13.151   21.522
    9.302   13.622   22.215
    9.734   14.049   22.990
   10.165   14.418   23.843
   10.591   14.714   24.765
   11.003   14.923   25.747
   11.395   15.030   26.773
   11.758   15.024   27.825
   12.085   14.895   28.883
   12.366   14.637   29.923
   12.593   14.248   30.920
   12.759   13.733   31.847
   12.856   13.101   32.682
   12.881   12.367   33.404
   12.829   11.550   33.995
   12.701   10.673   34.444
   12.499    9.761   34.746
   12.225    8.839   34.900
   11.886    7.930   34.912
   11.491    7.057   34.792
   11.047    6.236   34.553
   10.566    5.481   34.210
   10.058    4.802   33.781
    9.532    4.203   33.281
    8.999    3.686   32.725
    8.468    3.249   32.128
    7.946    2.888   31.500
    7.440    2.599   30.854
    6.956    2.374   30.196
    6.498    2.208   29.534
    6.069    2.093   28.874
    5.671    2.022   28.219
    5.306    1.990   27.572
    4.975    1.992   26.936
    4.676    2.022   26.312
    4.411    2.076   25.702
    4.177    2.151   25.106
    3.975    2.245   24.526
    3.802    2.354   23.962
    3.657    2.478   23.413
    3.539    2.616   22.881
    3.447    2.766   22.367
    3.379    2.929   21.869
    3.334    3.104   21.389
    3.311    3.292   20.928
    3.309    3.493   20.486
    3.327    3.708   20.063
    3.365    3.938   19.660
    3.423    4.184   19.279
    3.499    4.447   18.921
    3.594    4.729   18.586
    3.707    5.031   18.277
    3.840    5.354   17.995
    3.991    5.700   17.743
    4.162    6.070   17.522
    4.353    6.465   17.336
    4.564    6.887   17.188
    4.796    7.337   17.082
    5.050    7.815   17.021
    5.327    8.321   17.010
    5.626    8.856   17.055
    5.949    9.419   17.161
    6.296   10.007   17.333
    6.667   10.618   17.579
    7.062   11.248   17.904
    7.481   11.891   18.317
    7.922   12.539   18.821
    8.384   13.183   19.425
    8.864   13.811   20.131
    9.358   14.410   20.943
    9.863   14.962   21.860
   10.373   15.449   22.880
   10.881   15.852   23.994
   11.378   16.149   25.192
   11.855   16.320   26.455
   12.302   16.347   27.760
   12.706   16.214   29.080
   13.057   15.911   30.382
   13.342   15.434   31.631
   13.551   14.788   32.792
   13.675   13.984   33.830
   13.706   13.046   34.716
   13.640   11.999   35.427
   13.476   10.878   35.948
   13.216    9.719   36.274
   12.866    8.557   36.408
   12.436    7.426   36.360
   11.935    6.354   36.149
   11.377    5.364   35.795
   10.775    4.470   35.322
   10.145    3.683   34.754
    9.499    3.004   34.113
    8.849    2.433   33.418
    8.207    1.964   32.688
    7.583    1.589   31.937
    6.984    1.298   31.176
    6.415    1.081   30.414
    5.882    0.929   29.658
    5.386    0.830   28.912
    4.931    0.777   28.179
    4.515    0.761   27.462
    4.140    0.776   26.762
    3.804    0.815   26.079
    3.505    0.874   25.414
    3.242    0.949   24.767
    3.012    1.037   24.138
    2.815    1.135   23.526
    2.647    1.242   22.932
    2.506    1.357   22.355
    2.392    1.478   21.794
    2.300    1.606   21.250
    2.231    1.741   20.722
    2.182    1.882   20.210
    2.152    2.031   19.715
    2.140    2.188   19.236
    2.145    2.354   18.774
    2.166    2.530   18.328
    2.202    2.718   17.899
    2.254    2.919   17.487
    2.320    3.133   17.094
    2.402    3.364   16.719
    2.498    3.612   16.363
    2.609    3.880   16.028
    2.736    4.168   15.715
    2.879    4.480   15.425
    3.040    4.818   15.160
    3.217    5.183   14.922
    3.414    5.577   14.715
    3.630    6.004   14.540
    3.868    6.464   14.403
    4.127    6.961   14.306
    4.411    7.495   14.255
    4.719    8.069   14.256
    5.054    8.683   14.314
    5.417    9.338   14.439
    5.809   10.032   14.636
    6.231   10.764   14.917
    6.685   11.531   15.290
    7.169   12.327   15.766
    7.685   13.144   16.356
    8.231   13.971   17.069
    8.805   14.794   17.917
    9.404   15.594   18.906
   10.023   16.350   20.040
   10.656   17.034   21.321
   11.294   17.618   22.742
   11.926   18.069   24.291
   12.540   18.354   25.945
   13.122   18.440   27.672
   13.654   18.300   29.433
   14.118   17.915   31.177
   14.498   17.275   32.851
   14.776   16.386   34.396
   14.937   15.267   35.759
   14.970   13.952   36.894
   14.868   12.491   37.767
   14.630   10.937   38.360
   14.261    9.350   38.671
   13.770    7.787   38.712
   13.171    6.298   38.509
   12.484    4.923   38.097
   11.728    3.690   37.514
   10.924    2.614   36.799
   10.093    1.700   35.989
    9.254    0.943   35.117
    8.423    0.334   34.208
    7.614   -0.142   33.285
    6.838   -0.502   32.364
    6.104   -0.763   31.454
    5.418   -0.942   30.564
    4.782   -1.056   29.699
    4.198   -1.116   28.860
    3.667   -1.137   28.049
    3.186   -1.127   27.265
    2.755   -1.095   26.508
    2.370   -1.049   25.776
    2.028   -0.993   25.068
    1.726   -0.933   24.384
    1.460   -0.871   23.721
    1.227   -0.810   23.078
    1.023   -0.751   22.455
    0.846   -0.697   21.851
    0.692   -0.647   21.263
    0.558   -0.603   20.693
    0.442   -0.565   20.139
    0.341   -0.532   19.600
    0.254   -0.506   19.076
    0.178   -0.485   18.566
    0.111   -0.470   18.071
    0.053   -0.460   17.589
    0.002   -0.455   17.120
   -0.044   -0.455   16.663
   -0.085   -0.460   16.219
   -0.122   -0.470   15.787
   -0.157   -0.484   15.367
   -0.190   -0.504   14.958
   -0.221   -0.527   14.561
   -0.252   -0.556   14.174
   -0.282   -0.589   13.798
   -0.313   -0.628   13.432
   -0.344   -0.672   13.076
   -0.377   -0.721   12.730
   -0.412   -0.777   12.394
   -0.448   -0.839   12.067
   -0.487   -0.908   11.749
   -0.529   -0.985   11.441
   -0.575   -1.071   11.142
   -0.625   -1.165   10.853
   -0.679   -1.270   10.572
   -0.738   -1.386   10.300
   -0.803   -1.514   10.038
   -0.874   -1.656    9.784
   -0.952   -1.813    9.541
   -1.038   -1.986    9.307
   -1.133   -2.178    9.083
   -1.237   -2.390    8.871
   -1.353   -2.625    8.670
   -1.480   -2.885    8.481
   -1.621   -3.173    8.307
   -1.776   -3.491    8.147
   -1.947   -3.842    8.005
   -2.137   -4.231    7.882
   -2.346   -4.661    7.781
   -2.578   -5.135    7.706
   -2.833   -5.659    7.660
   -3.116   -6.236    7.651
   -3.428   -6.871    7.682
   -3.772   -7.569    7.763
   -4.152   -8.334    7.902
   -4.570   -9.169    8.110
   -5.030  -10.078    8.401
   -5.535  -11.062    8.789
   -6.088  -12.121    9.292
   -6.691  -13.251    9.931
   -7.347  -14.446   10.728
   -8.057  -15.693   11.706
   -8.820  -16.973   12.891
   -9.636  -18.260   14.307
  -10.498  -19.514   15.974
  -11.400  -20.690   17.907
  -12.329  -21.728   20.108
  -13.269  -22.558   22.565
  -14.198  -23.104   25.243
  -15.088  -23.289   28.084
  -15.908  -23.042   31.001
  -16.622  -22.313   33.883
  -17.191  -21.079   36.603
  -17.580  -19.356   39.030
  -17.757  -17.204   41.044
  -17.702  -14.723   42.555
  -17.404  -12.042   43.516
  -16.868   -9.304   43.925
  -16.111   -6.646   43.825
  -15.165   -4.179   43.290
  -14.066   -1.987   42.415
  -12.858   -0.113   41.299
  -11.584    1.428   40.032
  -10.283    2.651   38.692
   -8.989    3.586   37.338
   -7.732    4.272   36.012
   -6.531    4.752   34.741
   -5.403    5.069   33.541
   -4.356    5.260   32.417
   -3.394    5.357   31.371
   -2.519    5.388   30.399
   -1.728    5.376   29.495
   -1.018    5.338   28.654
   -0.382    5.287   27.870
    0.185    5.234   27.137
    0.689    5.188   26.449
    1.139    5.153   25.802
    1.541    5.136   25.193
    1.900    5.138   24.619
    2.224    5.162   24.077
    2.518    5.209   23.566
    2.787    5.280   23.085
    3.036    5.377   22.633
    3.270    5.498   22.209
    3.493    5.646   21.814
    3.708    5.819   21.448
    3.919    6.017   21.112
    4.129    6.241   20.807
    4.340    6.491   20.534
    4.555    6.766   20.294
    4.776    7.067   20.091
    5.006    7.392   19.925
    5.244    7.742   19.800
    5.494    8.115   19.717
    5.756    8.510   19.682
    6.031    8.927   19.695
    6.321    9.363   19.762
    6.625    9.815   19.885
    6.944   10.280   20.069
    7.278   10.755   20.316
    7.625   11.233   20.631
    7.986   11.709   21.016
    8.358   12.176   21.473
    8.740   12.624   22.004
    9.129   13.046   22.608
    9.520   13.428   23.284
    9.911   13.762   24.027
   10.296   14.033   24.831
   10.670   14.231   25.687
   11.026   14.344   26.584
   11.358   14.361   27.506
   11.658   14.275   28.437
   11.920   14.080   29.357
   12.136   13.775   30.245
   12.300   13.361   31.082
   12.406   12.845   31.847
   12.450   12.237   32.521
   12.428   11.553   33.090
   12.341   10.809   33.542
   12.188   10.026   33.869
   11.972    9.223   34.070
   11.697    8.421   34.147
   11.369    7.638   34.104
   10.996    6.890   33.953
   10.585    6.191   33.703
   10.146    5.551   33.367
    9.687    4.975   32.959
    9.215    4.469   32.492
    8.741    4.031   31.978
    8.270    3.662   31.428
    7.809    3.358   30.852
    7.364    3.114   30.259
    6.939    2.926   29.655
    6.538    2.789   29.047
    6.163    2.696   28.438
    5.816    2.644   27.834
    5.499    2.627   27.236
    5.212    2.640   26.647
    4.954    2.681   26.069
    4.727    2.745   25.504
    4.529    2.831   24.952
    4.359    2.935   24.415
    4.217    3.057   23.893
    4.101    3.195   23.387
    4.010    3.348   22.897
    3.944    3.516   22.425
    3.901    3.698   21.972
    3.881    3.895   21.537
    3.882    4.107   21.122
    3.905    4.335   20.728
    3.948    4.578   20.356
    4.011    4.839   20.007
    4.094    5.118   19.683
    4.196    5.416   19.386
    4.318    5.734   19.116
    4.460    6.072   18.877
    4.621    6.433   18.671
    4.802    6.817   18.501
    5.004    7.224   18.369
    5.226    7.655   18.279
    5.469    8.110   18.235
    5.733    8.589   18.241
    6.018    9.090   18.302
    6.326    9.613   18.422
    6.654   10.154   18.606
    7.004   10.711   18.860
    7.375   11.277   19.189
    7.765   11.849   19.598
    8.174   12.417   20.090
    8.598   12.973   20.670
    9.035   13.506   21.339
    9.482   14.002   22.097
    9.934   14.449   22.944
   10.386   14.829   23.872
   10.830   15.128   24.874
   11.260   15.329   25.937
   11.667   15.416   27.043
   12.042   15.377   28.174
   12.375   15.202   29.304
   12.658   14.885   30.407
   12.881   14.426   31.454
   13.035   13.832   32.418
   13.115   13.114   33.274
   13.115   12.291   33.998
   13.032   11.386   34.576
   12.868   10.426   34.995
   12.624    9.439   35.254
   12.305    8.452   35.354
   11.920    7.491   35.304
   11.477    6.578   35.117
   10.987    5.730   34.810
   10.461    4.960   34.401
    9.911    4.276   33.908
    9.348    3.681   33.348
    8.781    3.175   32.737
    8.220    2.754   32.090
    7.674    2.412   31.420
    7.148    2.144   30.735
    6.647    1.940   30.045
    6.177    1.795   29.354
    5.738    1.699   28.669
    5.334    1.646   27.992
    4.966    1.630   27.327
    4.632    1.645   26.674
    4.333    1.686   26.036
    4.069    1.749   25.413
    3.837    1.831   24.806
    3.636    1.929   24.214
    3.465    2.041   23.639
    3.323    2.165   23.081
    3.207    2.301   22.539
    3.117    2.449   22.015
    3.050    2.607   21.507
    3.006    2.776   21.017
    2.983    2.956   20.545
    2.980    3.149   20.091
    2.997    3.354   19.655
    3.033    3.574   19.240
    3.087    3.809   18.844
    3.159    4.060   18.470
    3.249    4.329   18.118
    3.357    4.617   17.790
    3.483    4.927   17.487
    3.627    5.259   17.212
    3.790    5.615   16.965
    3.973    5.997   16.751
    4.175    6.407   16.572
    4.398    6.845   16.431
    4.643    7.314   16.333
    4.910    7.814   16.281
    5.201    8.345   16.281
    5.515    8.908   16.338
    5.854    9.502   16.459
    6.219   10.125   16.649
    6.610   10.774   16.917
    7.026   11.445   17.270
    7.468   12.131   17.716
    7.934   12.826   18.261
    8.423   13.518   18.913
    8.933   14.195   19.676
    9.459   14.840   20.556
    9.997   15.436   21.551
   10.541   15.961   22.658
   11.083   16.394   23.871
   11.614   16.709   25.175
   12.124   16.885   26.551
   12.600   16.898   27.972
   13.030   16.733   29.406
   13.400   16.377   30.817
   13.698   15.828   32.163
   13.911   15.090   33.405
   14.029   14.181   34.503
   14.044   13.126   35.427
   13.952   11.959   36.150
   13.753   10.718   36.661
   13.449    9.446   36.953
   13.049    8.183   37.036
   12.562    6.966   36.923
   12.003    5.826   36.638
   11.385    4.784   36.206
   10.725    3.856   35.654
   10.038    3.049   35.009
    9.339    2.364   34.296
    8.642    1.796   33.537
    7.957    1.338   32.749
    7.295    0.978   31.947
    6.664    0.705   31.142
    6.068    0.507   30.343
    5.512    0.373   29.554
    4.998    0.292   28.781
    4.527    0.254   28.025
    4.100    0.250   27.288
    3.715    0.274   26.570
    3.371    0.319   25.872
    3.066    0.381   25.194
    2.797    0.456   24.535
    2.563    0.540   23.895
    2.361    0.632   23.272
    2.188    0.729   22.668
    2.042    0.831   22.080
    1.921    0.936   21.510
    1.822    1.045   20.955
    1.745    1.157   20.416
    1.686    1.274   19.893
    1.645    1.394   19.386
    1.620    1.520   18.894
    1.610    1.651   18.416
    1.614    1.789   17.954
    1.631    1.935   17.507
    1.662    2.090   17.075
    1.705    2.256   16.658
    1.760    2.433   16.257
    1.827    2.623   15.871
    1.907    2.828   15.502
    1.999    3.050   15.149
    2.104    3.289   14.815
    2.222    3.550   14.498
    2.355    3.832   14.202
    2.503    4.139   13.927
    2.667    4.473   13.675
    2.847    4.836   13.448
    3.046    5.231   13.249
    3.265    5.660   13.080
    3.504    6.127   12.946
    3.766    6.632   12.851
    4.053    7.180   12.799
    4.366    7.772   12.797
    4.706    8.410   12.851
    5.077    9.094   12.970
    5.478    9.827   13.163
    5.913   10.606   13.439
    6.383   11.429   13.810
    6.887   12.292   14.288
    7.428   13.188   14.887
    8.004   14.105   15.619
    8.614   15.031   16.497
    9.256   15.945   17.533
    9.925   16.825   18.735
   10.615   17.640   20.108
   11.317   18.356   21.649
   12.021   18.936   23.348
   12.713   19.338   25.184
   13.375   19.521   27.124
   13.990   19.449   29.121
   14.536   19.091   31.120
   14.991   18.433   33.053
   15.335   17.474   34.851
   15.549   16.234   36.446
   15.618   14.752   37.778
   15.531   13.086   38.803
   15.287   11.304   39.496
   14.888    9.479   39.855
   14.347    7.683   39.894
   13.681    5.979   39.648
   12.911    4.416   39.161
   12.061    3.025   38.482
   11.158    1.826   37.659
   10.224    0.820   36.739
    9.284    0.000   35.759
    8.356   -0.648   34.751
    7.455   -1.145   33.739
    6.595   -1.512   32.740
    5.784   -1.771   31.765
    5.029   -1.943   30.820
    4.332   -2.046   29.909
    3.694   -2.096   29.034
    3.115   -2.107   28.194
    2.593   -2.091   27.388
    2.124   -2.057   26.614
    1.706   -2.013   25.870
    1.334   -1.964   25.154
    1.005   -1.916   24.464
    0.713   -1.872   23.799
    0.454   -1.834   23.156
    0.225   -1.805   22.534
    0.022   -1.785   21.933
   -0.158   -1.777   21.351
   -0.320   -1.781   20.787
   -0.466   -1.796   20.241
   -0.599   -1.825   19.712
   -0.722   -1.866   19.200
   -0.836   -1.921   18.704
   -0.945   -1.990   18.224
   -1.049   -2.073   17.760
   -1.152   -2.170   17.311
   -1.254   -2.282   16.878
   -1.356   -2.410   16.461
   -1.462   -2.555   16.059
   -1.571   -2.717   15.674
   -1.686   -2.897   15.305
   -1.807   -3.098   14.953
   -1.936   -3.319   14.618
   -2.074   -3.564   14.302
   -2.223   -3.833   14.006
   -2.384   -4.128   13.731
   -2.559   -4.452   13.479
   -2.748   -4.806   13.251
   -2.954   -5.194   13.052
   -3.178   -5.617   12.882
   -3.422   -6.078   12.746
   -3.687   -6.580   12.649
   -3.977   -7.124   12.595
   -4.291   -7.714   12.590
   -4.634   -8.351   12.642
   -5.005   -9.036   12.757
   -5.409   -9.771   12.945
   -5.845  -10.553   13.217
   -6.316  -11.381   13.583
   -6.822  -12.251   14.057
   -7.365  -13.155   14.651
   -7.944  -14.084   15.379
   -8.558  -15.023   16.254
   -9.204  -15.954   17.289
   -9.879  -16.853   18.493
  -10.577  -17.690   19.871
  -11.288  -18.430   21.422
  -12.002  -19.036   23.135
  -12.706  -19.463   24.991
  -13.381  -19.671   26.957
  -14.010  -19.621   28.987
  -14.571  -19.281   31.024
  -15.042  -18.633   32.999
  -15.401  -17.677   34.842
  -15.629  -16.431   36.481
  -15.709  -14.934   37.854
  -15.632  -13.245   38.915
  -15.393  -11.432   39.637
  -14.997   -9.573   40.015
  -14.454   -7.740   40.067
  -13.783   -5.999   39.826
  -13.005   -4.402   39.336
  -12.144   -2.981   38.649
  -11.228   -1.755   37.816
  -10.281   -0.729   36.882
   -9.326    0.107   35.889
   -8.382    0.767   34.867
   -7.467    1.272   33.843
   -6.593    1.645   32.832
   -5.770    1.907   31.846
   -5.002    2.080   30.893
   -4.294    2.184   29.975
   -3.646    2.234   29.095
   -3.058    2.245   28.250
   -2.528    2.229   27.440
   -2.052    2.195   26.664
   -1.627    2.151   25.918
   -1.249    2.104   25.200
   -0.914    2.057   24.509
   -0.617    2.015   23.843
   -0.354    1.980   23.201
   -0.120    1.955   22.580
    0.087    1.940   21.979
    0.272    1.937   21.398
    0.439    1.947   20.836
    0.590    1.969   20.292
    0.728    2.006   19.766
    0.855    2.056   19.256
    0.976    2.121   18.763
    1.090    2.200   18.287
    1.201    2.295   17.827
    1.310    2.405   17.383
    1.420    2.532   16.956
    1.531    2.676   16.544
    1.646    2.838   16.150
    1.765    3.018   15.773
    1.890    3.219   15.413
    2.023    3.442   15.071
    2.165    3.687   14.749
    2.317    3.957   14.448
    2.481    4.254   14.168
    2.658    4.579   13.912
    2.851    4.935   13.682
    3.059    5.324   13.480
    3.285    5.747   13.309
    3.532    6.209   13.173
    3.799    6.710   13.077
    4.090    7.253   13.025
    4.407    7.841   13.023
    4.750    8.474   13.079
    5.123    9.153   13.199
    5.526    9.880   13.393
    5.961   10.652   13.670
    6.430   11.467   14.043
    6.934   12.320   14.523
    7.472   13.203   15.122
    8.045   14.107   15.854
    8.652   15.017   16.731
    9.288   15.914   17.762
    9.951   16.773   18.958
   10.633   17.567   20.320
   11.326   18.261   21.847
   12.020   18.818   23.526
   12.700   19.198   25.337
   13.350   19.362   27.246
   13.951   19.273   29.208
   14.483   18.906   31.167
   14.925   18.244   33.059
   15.257   17.289   34.816
   15.460   16.063   36.371
   15.521   14.603   37.667
   15.429   12.965   38.663
   15.183   11.217   39.335
   14.786    9.429   39.680
   14.250    7.670   39.715
   13.592    6.001   39.472
   12.833    4.469   38.993
   11.997    3.105   38.326
   11.107    1.927   37.518
   10.189    0.938   36.613
    9.264    0.131   35.649
    8.351   -0.509   34.655
    7.465   -1.001   33.657
    6.618   -1.365   32.669
    5.820   -1.623   31.703
    5.076   -1.795   30.767
    4.389   -1.899   29.863
    3.760   -1.950   28.993
    3.189   -1.962   28.158
    2.674   -1.946   27.355
    2.212   -1.913   26.583
    1.799   -1.868   25.840
    1.433   -1.818   25.125
    1.108   -1.768   24.436
    0.820   -1.721   23.770
    0.566   -1.680   23.127
    0.341   -1.647   22.504
    0.142   -1.623   21.902
   -0.034   -1.608   21.318
   -0.192   -1.605   20.753
   -0.333   -1.613   20.205
   -0.461   -1.633   19.674
   -0.578   -1.665   19.159
   -0.687   -1.709   18.660
   -0.789   -1.766   18.176
   -0.887   -1.835   17.708
   -0.981   -1.918   17.254
   -1.075   -2.014   16.816
   -1.169   -2.125   16.392
   -1.265   -2.250   15.984
   -1.363   -2.391   15.590
   -1.466   -2.549   15.212
   -1.574   -2.725   14.849
   -1.689   -2.920   14.502
   -1.812   -3.136   14.172
   -1.945   -3.373   13.860
   -2.088   -3.635   13.566
   -2.242   -3.922   13.292
   -2.410   -4.237   13.040
   -2.593   -4.583   12.811
   -2.792   -4.961   12.608
   -3.009   -5.375   12.434
   -3.245   -5.826   12.291
   -3.503   -6.318   12.185
   -3.785   -6.853   12.119
   -4.092   -7.435   12.100
   -4.426   -8.064   12.135
   -4.790   -8.743   12.230
   -5.185   -9.474   12.395
   -5.614  -10.255   12.640
   -6.078  -11.086   12.977
   -6.579  -11.964   13.418
   -7.117  -12.882   13.977
   -7.694  -13.832   14.668
   -8.308  -14.801   15.507
   -8.957  -15.772   16.506
   -9.639  -16.722   17.678
  -10.347  -17.623   19.030
  -11.075  -18.440   20.565
  -11.811  -19.134   22.276
  -12.543  -19.661   24.148
  -13.255  -19.975   26.152
  -13.927  -20.032   28.245
  -14.538  -19.796   30.369
  -15.064  -19.242   32.458
  -15.481  -18.359   34.435
  -15.769  -17.161   36.222
  -15.908  -15.681   37.751
  -15.886  -13.975   38.965
  -15.694  -12.115   39.827
  -15.336  -10.180   40.326
  -14.821   -8.251   40.474
  -14.164   -6.402   40.301
  -13.388   -4.691   39.854
  -12.518   -3.160   39.187
  -11.582   -1.833   38.354
  -10.607   -0.716   37.408
   -9.618    0.196   36.391
   -8.637    0.919   35.342
   -7.681    1.473   34.286
   -6.766    1.884   33.244
   -5.901    2.175   32.229
   -5.093    2.368   31.249
   -4.347    2.486   30.308
   -3.664    2.545   29.407
   -3.043    2.563   28.544
   -2.482    2.551   27.720
   -1.979    2.520   26.931
   -1.529    2.478   26.175
   -1.128    2.433   25.449
   -0.772    2.389   24.752
   -0.456    2.350   24.082
   -0.176    2.320   23.435
    0.074    2.300   22.812
    0.297    2.292   22.211
    0.496    2.298   21.630
    0.676    2.318   21.069
    0.840    2.353   20.527
    0.992    2.404   20.003
    1.133    2.470   19.498
    1.267    2.553   19.010
    1.395    2.653   18.540
    1.521    2.771   18.088
    1.646    2.906   17.653
    1.772    3.060   17.237
    1.901    3.234   16.839
    2.034    3.429   16.460
    2.174    3.646   16.100
    2.321    3.885   15.761
    2.477    4.150   15.443
    2.645    4.440   15.149
    2.824    4.759   14.879
    3.018    5.107   14.637
    3.227    5.487   14.423
    3.453    5.901   14.243
    3.697    6.351   14.098
    3.963    6.838   13.993
    4.250    7.365   13.933
    4.562    7.933   13.923
    4.899    8.544   13.970
    5.263    9.197   14.082
    5.657    9.892   14.266
    6.080   10.628   14.532
    6.535   11.402   14.889
    7.022   12.209   15.349
    7.540   13.040   15.923
    8.090   13.887   16.622
    8.670   14.735   17.457
    9.277   15.565   18.435
    9.905   16.357   19.564
   10.551   17.084   20.844
   11.204   17.715   22.273
   11.855   18.216   23.839
   12.491   18.554   25.521
   13.097   18.693   27.289
   13.657   18.603   29.102
   14.152   18.261   30.910
   14.563   17.655   32.657
   14.872   16.786   34.282
   15.063   15.672   35.729
   15.124   14.346   36.946
   15.046   12.857   37.895
   14.827   11.261   38.554
   14.471    9.621   38.918
   13.986    7.998   38.999
   13.387    6.445   38.822
   12.693    5.007   38.422
   11.924    3.715   37.841
   11.103    2.585   37.119
   10.251    1.624   36.295
    9.389    0.829   35.405
    8.533    0.189   34.477
    7.698   -0.312   33.534
    6.897   -0.690   32.592
    6.139   -0.965   31.664
    5.428   -1.154   30.757
    4.770   -1.274   29.876
    4.166   -1.340   29.023
    3.615   -1.363   28.200
    3.117   -1.356   27.406
    2.670   -1.327   26.640
    2.270   -1.282   25.900
    1.915   -1.229   25.186
    1.601   -1.172   24.496
    1.323   -1.114   23.828
    1.080   -1.058   23.181
    0.866   -1.005   22.554
    0.679   -0.958   21.946
    0.515   -0.918   21.356
    0.372   -0.884   20.783
    0.246   -0.857   20.227
    0.136   -0.838   19.687
    0.038   -0.826   19.161
   -0.048   -0.822   18.651
   -0.125   -0.826   18.154
   -0.196   -0.837   17.672
   -0.260   -0.855   17.203
   -0.319   -0.881   16.747
   -0.375   -0.915   16.304
   -0.429   -0.956   15.873
   -0.482   -1.005   15.455
   -0.534   -1.062   15.048
   -0.587   -1.127   14.654
   -0.641   -1.201   14.271
   -0.697   -1.285   13.899
   -0.756   -1.379   13.539
   -0.818   -1.483   13.190
   -0.885   -1.600   12.852
   -0.956   -1.728   12.526
   -1.033   -1.871   12.211
   -1.117   -2.029   11.908
   -1.208   -2.203   11.618
   -1.308   -2.395   11.339
   -1.417   -2.607   11.074
   -1.536   -2.841   10.822
   -1.666   -3.099   10.585
   -1.809   -3.383   10.364
   -1.967   -3.696   10.160
   -2.140   -4.041    9.976
   -2.330   -4.420    9.813
   -2.539   -4.838    9.674
   -2.769   -5.297    9.563
   -3.021   -5.801    9.483
   -3.299   -6.354    9.440
   -3.605   -6.959    9.439
   -3.940   -7.621    9.487
   -4.308   -8.342    9.594
   -4.712   -9.126    9.768
   -5.153   -9.975   10.022
   -5.635  -10.888   10.368
   -6.161  -11.865   10.822
   -6.731  -12.903   11.402
   -7.348  -13.994   12.127
   -8.013  -15.125   13.015
   -8.724  -16.282   14.089
   -9.480  -17.437   15.366
  -10.276  -18.561   16.863
  -11.104  -19.612   18.592
  -11.955  -20.541   20.551
  -12.814  -21.290   22.731
  -13.661  -21.797   25.103
  -14.475  -21.998   27.618
  -15.227  -21.836   30.206
  -15.888  -21.268   32.780
  -16.426  -20.270   35.235
  -16.810  -18.851   37.465
  -17.014  -17.052   39.367
  -17.018  -14.947   40.861
  -16.811  -12.635   41.895
  -16.393  -10.231   42.455
  -15.777   -7.848   42.562
  -14.984   -5.588   42.264
  -14.045   -3.529   41.632
  -12.993   -1.722   40.746
  -11.866   -0.192   39.682
  -10.699    1.059   38.511
   -9.523    2.050   37.289
   -8.366    2.806   36.060
   -7.248    3.362   34.854
   -6.187    3.753   33.693
   -5.193    4.011   32.586
   -4.273    4.167   31.539
   -3.429    4.247   30.552
   -2.661    4.272   29.624
   -1.968    4.261   28.750
   -1.345    4.229   27.927
   -0.788    4.186   27.149
   -0.290    4.141   26.413
    0.153    4.103   25.715
    0.548    4.074   25.051
    0.900    4.060   24.420
    1.216    4.063   23.818
    1.501    4.085   23.244
    1.759    4.128   22.697
    1.996    4.192   22.176
    2.216    4.279   21.679
    2.422    4.390   21.207
    2.619    4.524   20.760
    2.809    4.682   20.338
    2.997    4.865   19.942
    3.183    5.073   19.571
    3.372    5.306   19.228
    3.566    5.566   18.914
    3.766    5.852   18.630
    3.974    6.166   18.378
    4.194    6.508   18.161
    4.425    6.878   17.981
    4.670    7.277   17.842
    4.931    7.706   17.746
    5.208    8.163   17.698
    5.504    8.648   17.702
    5.818    9.161   17.763
    6.153    9.699   17.886
    6.507   10.260   18.077
    6.882   10.840   18.341
    7.278   11.435   18.684
    7.694   12.037   19.112
    8.128   12.640   19.630
    8.579   13.231   20.241
    9.045   13.801   20.950
    9.520   14.334   21.756
   10.002   14.815   22.657
   10.483   15.227   23.649
   10.957   15.551   24.723
   11.417   15.770   25.864
   11.852   15.866   27.055
   12.253   15.823   28.272
   12.610   15.630   29.489
   12.912   15.282   30.676
   13.149   14.777   31.801
   13.312   14.123   32.833
   13.393   13.335   33.743
   13.387   12.432   34.508
   13.292   11.443   35.109
   13.107   10.397   35.535
   12.836    9.326   35.785
   12.485    8.260   35.862
   12.062    7.230   35.778
   11.579    6.257   35.548
   11.047    5.360   35.192
   10.478    4.553   34.731
    9.886    3.842   34.185
    9.281    3.230   33.573
    8.676    2.714   32.913
    8.080    2.290   32.220
    7.501    1.950   31.507
    6.946    1.687   30.784
    6.420    1.492   30.059
    5.927    1.355   29.338
    5.470    1.268   28.625
    5.050    1.224   27.924
    4.667    1.215   27.236
    4.322    1.236   26.563
    4.013    1.281   25.906
    3.740    1.347   25.265
    3.501    1.429   24.642
    3.294    1.525   24.035
    3.117    1.634   23.445
    2.968    1.752   22.872
    2.847    1.881   22.315
    2.750    2.018   21.776
    2.677    2.165   21.253
    2.626    2.320   20.747
    2.595    2.485   20.259
    2.584    2.661   19.787
    2.592    2.847   19.333
    2.617    3.045   18.897
    2.660    3.257   18.480
    2.720    3.483   18.082
    2.796    3.726   17.704
    2.889    3.986   17.347
    2.999    4.266   17.012
    3.126    4.566   16.702
    3.270    4.890   16.416
    3.432    5.239   16.158
    3.612    5.614   15.930
    3.813    6.018   15.735
    4.033    6.453   15.575
    4.275    6.919   15.456
    4.539    7.420   15.380
    4.827    7.955   15.354
    5.140    8.525   15.383
    5.479    9.131   15.473
    5.844    9.772   15.632
    6.237   10.445   15.866
    6.658   11.149   16.185
    7.107   11.877   16.598
    7.584   12.623   17.113
    8.088   13.377   17.738
    8.617   14.128   18.482
    9.168   14.859   19.352
    9.737   15.552   20.350
   10.318   16.186   21.478
   10.905   16.736   22.730
   11.488   17.174   24.097
   12.057   17.473   25.561
   12.598   17.605   27.097
   13.099   17.547   28.673
   13.544   17.281   30.249
   13.918   16.795   31.780
   14.205   16.090   33.218
   14.394   15.178   34.517
   14.472   14.083   35.635
   14.433   12.840   36.538
   14.274   11.493   37.204
   13.996   10.090   37.624
   13.605    8.680   37.802
   13.113    7.308   37.752
   12.532    6.013   37.499
   11.880    4.824   37.072
   11.175    3.762   36.504
   10.433    2.837   35.826
    9.674    2.052   35.070
    8.912    1.401   34.259
    8.161    0.876   33.417
    7.432    0.465   32.561
    6.735    0.153   31.703
    6.077   -0.073   30.853
    5.462   -0.229   30.018
    4.893   -0.325   29.201
    4.371   -0.374   28.406
    3.897   -0.386   27.634
    3.468   -0.370   26.884
    3.085   -0.332   26.157
    2.743   -0.278   25.452
    2.441   -0.213   24.768
    2.176   -0.140   24.104
    1.944   -0.063   23.460
    1.743    0.017   22.835
    1.571    0.098   22.228
    1.423    0.179   21.638
    1.299    0.260   21.064
    1.195    0.340   20.506
    1.109    0.420   19.964
    1.040    0.499   19.437
    0.986    0.578   18.924
    0.945    0.658   18.426
    0.917    0.740   17.941
    0.899    0.823   17.470
    0.891    0.908   17.013
    0.893    0.997   16.568
    0.904    1.091   16.136
    0.922    1.189   15.717
    0.949    1.294   15.310
    0.983    1.406   14.915
    1.026    1.526   14.533
    1.076    1.656   14.164
    1.134    1.796   13.806
    1.200    1.948   13.461
    1.275    2.114   13.129
    1.359    2.295   12.810
    1.452    2.493   12.505
    1.556    2.709   12.214
    1.672    2.946   11.937
    1.799    3.205   11.677
    1.940    3.490   11.433
    2.095    3.802   11.208
    2.265    4.144   11.003
    2.453    4.520   10.820
    2.660    4.932   10.663
    2.887    5.383   10.534
    3.137    5.877   10.437
    3.411    6.417   10.378
    3.711    7.007   10.361
    4.041    7.649   10.394
    4.402    8.348   10.484
    4.796    9.105   10.641
    5.227    9.921   10.876
    5.697   10.797   11.201
    6.207   11.732   11.631
    6.759   12.721   12.180
    7.355   13.757   12.867
    7.995   14.830   13.710
    8.679   15.922   14.726
    9.403   17.010   15.933
   10.164   18.067   17.344
   10.954   19.053   18.969
   11.764   19.925   20.807
   12.580   20.631   22.848
   13.385   21.114   25.065
   14.158   21.319   27.415
   14.874   21.192   29.836
   15.506   20.696   32.249
   16.025   19.808   34.564
   16.403   18.533   36.682
   16.616   16.905   38.513
   16.645   14.986   39.980
   16.479   12.862   41.034
   16.118   10.633   41.653
   15.569    8.401   41.851
   14.852    6.260   41.664
   13.993    4.285   41.153
   13.022    2.529   40.385
   11.973    1.021   39.430
   10.878   -0.232   38.354
    9.767   -1.241   37.210
    8.666   -2.027   36.042
    7.597   -2.618   34.882
    6.575   -3.044   33.751
    5.613   -3.336   32.664
    4.718   -3.523   31.627
    3.894   -3.629   30.642
    3.142   -3.676   29.710
    2.460   -3.681   28.827
    1.846   -3.659   27.991
    1.295   -3.623   27.197
    0.804   -3.580   26.443
    0.365   -3.539   25.725
   -0.025   -3.504   25.040
   -0.373   -3.480   24.385
   -0.684   -3.470   23.759
   -0.962   -3.476   23.159
   -1.214   -3.500   22.584
   -1.442   -3.543   22.032
   -1.652   -3.606   21.505
   -1.848   -3.690   20.999
   -2.032   -3.795   20.516
   -2.208   -3.923   20.056
   -2.380   -4.073   19.618
   -2.549   -4.245   19.203
   -2.719   -4.442   18.812
   -2.891   -4.663   18.445
   -3.068   -4.910   18.104
   -3.252   -5.183   17.790
   -3.445   -5.483   17.504
   -3.649   -5.811   17.249
   -3.865   -6.168   17.028
   -4.096   -6.556   16.842
   -4.342   -6.975   16.696
   -4.605   -7.426   16.593
   -4.887   -7.909   16.537
   -5.189   -8.425   16.533
   -5.513   -8.972   16.587
   -5.859   -9.551   16.704
   -6.228  -10.159   16.891
   -6.621  -10.793   17.156
   -7.038  -11.449   17.504
   -7.479  -12.119   17.944
   -7.943  -12.797   18.482
   -8.429  -13.471   19.124
   -8.933  -14.129   19.876
   -9.453  -14.756   20.741
   -9.983  -15.333   21.719
  -10.518  -15.840   22.806
  -11.050  -16.256   23.994
  -11.571  -16.557   25.270
