    4.200    7.075    1.271
    4.488    8.205    1.605
    4.860    9.407    2.020
    5.315   10.695    2.535
    5.854   12.080    3.176
    6.477   13.569    3.971
    7.187   15.162    4.955
    7.985   16.852    6.170
    8.873   18.622    7.659
    9.849   20.441    9.470
   10.909   22.260   11.648
   12.045   24.009   14.232
   13.243   25.593   17.245
   14.479   26.896   20.682
   15.722   27.778   24.502
   16.929   28.093   28.609
   18.046   27.702   32.849
   19.013   26.502   37.016
   19.763   24.453   40.865
   20.232   21.603   44.150
   20.369   18.094   46.660
   20.141   14.150   48.268
   19.542   10.044   48.944
   18.591    6.046   48.763
   17.335    2.382   47.875
   15.838   -0.792   46.471
   14.174   -3.405   44.747
   12.414   -5.452   42.876
   10.626   -6.980   40.989
    8.863   -8.062   39.179
    7.169   -8.784   37.503
    5.572   -9.226   35.987
    4.091   -9.461   34.639
    2.734   -9.548   33.454
    1.505   -9.534   32.417
    0.400   -9.457   31.514
   -0.587   -9.341   30.727
   -1.463   -9.208   30.042
   -2.238   -9.070   29.443
   -2.922   -8.937   28.919
   -3.524   -8.815   28.458
   -4.054   -8.708   28.052
   -4.520   -8.619   27.693
   -4.930   -8.548   27.375
   -5.292   -8.495   27.095
   -5.613   -8.461   26.847
   -5.898   -8.444   26.629
   -6.153   -8.444   26.438
   -6.382   -8.459   26.273
   -6.590   -8.489   26.131
   -6.780   -8.531   26.013
   -6.955   -8.584   25.916
   -7.118   -8.646   25.840
   -7.271   -8.717   25.785
   -7.416   -8.794   25.750
   -7.554   -8.876   25.733
   -7.686   -8.962   25.736
   -7.814   -9.049   25.757
   -7.937   -9.137   25.795
   -8.058   -9.223   25.851
   -8.174   -9.306   25.922
   -8.288   -9.386   26.009
   -8.397   -9.459   26.110
   -8.504   -9.525   26.224
   -8.606   -9.583   26.349
   -8.704   -9.631   26.485
   -8.797   -9.668   26.629
   -8.884   -9.693   26.780
   -8.965   -9.705   26.937
   -9.039   -9.705   27.096
   -9.106   -9.690   27.256
   -9.164   -9.661   27.414
   -9.214   -9.618   27.570
   -9.254   -9.562   27.719
   -9.285   -9.492   27.862
   -9.306   -9.410   27.995
   -9.316   -9.317   28.116
   -9.316   -9.212   28.225
   -9.306   -9.099   28.319
   -9.285   -8.979   28.398
   -9.255   -8.852   28.460
   -9.214   -8.721   28.504
   -9.165   -8.587   28.531
   -9.107   -8.453   28.540
   -9.042   -8.319   28.531
   -8.969   -8.188   28.505
   -8.891   -8.061   28.462
   -8.808   -7.940   28.402
   -8.721   -7.825   28.327
   -8.631   -7.719   28.238
   -8.540   -7.621   28.136
   -8.448   -7.534   28.022
   -8.357   -7.456   27.897
   -8.266   -7.390   27.764
   -8.179   -7.335   27.624
   -8.094   -7.293   27.477
   -8.014   -7.261   27.326
   -7.939   -7.242   27.172
   -7.869   -7.235   27.017
   -7.806   -7.239   26.861
   -7.749   -7.255   26.707
   -7.699   -7.282   26.556
   -7.658   -7.320   26.408
   -7.624   -7.368   26.265
   -7.598   -7.426   26.129
   -7.581   -7.494   26.000
   -7.572   -7.571   25.880
   -7.572   -7.656   25.770
   -7.581   -7.748   25.670
   -7.597   -7.848   25.581
   -7.622   -7.954   25.505
   -7.656   -8.065   25.443
   -7.697   -8.182   25.394
   -7.745   -8.302   25.360
   -7.801   -8.425   25.341
   -7.863   -8.550   25.337
   -7.932   -8.676   25.350
   -8.007   -8.801   25.378
   -8.086   -8.925   25.423
   -8.170   -9.047   25.485
   -8.258   -9.164   25.562
   -8.349   -9.276   25.655
   -8.441   -9.381   25.763
   -8.536   -9.479   25.885
   -8.630   -9.567   26.020
   -8.724   -9.644   26.168
   -8.816   -9.709   26.326
   -8.905   -9.761   26.494
   -8.991   -9.799   26.668
   -9.072   -9.821   26.848
   -9.147   -9.829   27.032
   -9.215   -9.820   27.216
   -9.275   -9.794   27.399
   -9.327   -9.752   27.578
   -9.370   -9.694   27.751
   -9.402   -9.621   27.916
   -9.424   -9.532   28.070
   -9.435   -9.430   28.211
   -9.435   -9.316   28.338
   -9.423   -9.191   28.448
   -9.399   -9.057   28.541
   -9.365   -8.915   28.615
   -9.320   -8.769   28.669
   -9.265   -8.619   28.703
   -9.200   -8.468   28.717
   -9.127   -8.317   28.710
   -9.046   -8.170   28.684
   -8.958   -8.027   28.638
   -8.865   -7.890   28.574
   -8.767   -7.760   28.492
   -8.667   -7.640   28.394
   -8.564   -7.530   28.282
   -8.460   -7.431   28.156
   -8.357   -7.343   28.019
   -8.256   -7.268   27.872
   -8.157   -7.206   27.716
   -8.062   -7.157   27.554
   -7.971   -7.121   27.386
   -7.886   -7.098   27.216
   -7.807   -7.088   27.043
   -7.735   -7.091   26.870
   -7.671   -7.107   26.699
   -7.614   -7.135   26.530
   -7.566   -7.175   26.365
   -7.527   -7.226   26.206
   -7.497   -7.289   26.053
   -7.476   -7.361   25.909
   -7.465   -7.444   25.773
   -7.462   -7.536   25.648
   -7.470   -7.636   25.535
   -7.486   -7.744   25.433
   -7.512   -7.860   25.346
   -7.547   -7.982   25.272
   -7.591   -8.109   25.214
   -7.642   -8.241   25.171
   -7.702   -8.377   25.145
   -7.770   -8.515   25.136
   -7.844   -8.655   25.145
   -7.926   -8.794   25.171
   -8.013   -8.933   25.216
   -8.105   -9.070   25.279
   -8.201   -9.202   25.359
   -8.302   -9.330   25.458
   -8.404   -9.450   25.573
   -8.509   -9.562   25.705
   -8.615   -9.664   25.852
   -8.720   -9.755   26.014
   -8.823   -9.833   26.188
   -8.924   -9.896   26.373
   -9.022   -9.944   26.567
   -9.114   -9.976   26.768
   -9.200   -9.989   26.973
   -9.279   -9.985   27.181
   -9.350   -9.961   27.387
   -9.411   -9.919   27.591
   -9.462   -9.859   27.788
   -9.502   -9.780   27.977
   -9.529   -9.684   28.154
   -9.545   -9.573   28.317
   -9.548   -9.447   28.464
   -9.538   -9.308   28.593
   -9.515   -9.158   28.702
   -9.479   -9.000   28.790
   -9.431   -8.835   28.855
   -9.371   -8.667   28.898
   -9.301   -8.496   28.918
   -9.220   -8.327   28.914
   -9.131   -8.160   28.888
   -9.034   -7.998   28.840
   -8.930   -7.843   28.772
   -8.821   -7.696   28.683
   -8.709   -7.559   28.577
   -8.593   -7.434   28.453
   -8.477   -7.321   28.315
   -8.362   -7.222   28.164
   -8.248   -7.136   28.001
   -8.136   -7.064   27.829
   -8.029   -7.007   27.649
   -7.927   -6.965   27.464
   -7.830   -6.937   27.275
   -7.741   -6.924   27.083
   -7.659   -6.925   26.891
   -7.586   -6.940   26.700
   -7.521   -6.968   26.512
   -7.466   -7.010   26.328
   -7.420   -7.064   26.150
   -7.384   -7.130   25.979
   -7.359   -7.207   25.817
   -7.344   -7.296   25.664
   -7.339   -7.394   25.522
   -7.344   -7.502   25.392
   -7.360   -7.619   25.276
   -7.386   -7.745   25.174
   -7.422   -7.877   25.087
   -7.468   -8.016   25.017
   -7.523   -8.160   24.963
   -7.586   -8.309   24.928
   -7.659   -8.462   24.911
   -7.739   -8.616   24.914
   -7.827   -8.772   24.936
   -7.921   -8.927   24.978
   -8.022   -9.080   25.041
   -8.128   -9.230   25.123
   -8.238   -9.375   25.226
   -8.352   -9.513   25.348
   -8.468   -9.643   25.488
   -8.586   -9.762   25.647
   -8.704   -9.869   25.822
   -8.820   -9.963   26.013
   -8.935  -10.041   26.216
   -9.045  -10.102   26.431
   -9.151  -10.144   26.655
   -9.250  -10.167   26.885
   -9.342  -10.170   27.118
   -9.425  -10.151   27.352
   -9.498  -10.111   27.583
   -9.559  -10.050   27.809
   -9.608   -9.968   28.025
   -9.644   -9.865   28.229
   -9.666   -9.744   28.419
   -9.674   -9.606   28.590
   -9.667   -9.453   28.742
   -9.646   -9.287   28.871
   -9.610   -9.110   28.977
   -9.560   -8.925   29.058
   -9.496   -8.735   29.113
   -9.420   -8.543   29.141
   -9.332   -8.351   29.143
   -9.234   -8.162   29.120
   -9.127   -7.978   29.071
   -9.012   -7.801   28.999
   -8.891   -7.634   28.904
   -8.765   -7.478   28.789
   -8.636   -7.335   28.655
   -8.506   -7.206   28.503
   -8.376   -7.092   28.337
   -8.247   -6.993   28.158
   -8.122   -6.910   27.968
   -8.000   -6.844   27.770
   -7.885   -6.793   27.565
   -7.775   -6.759   27.355
   -7.674   -6.741   27.143
   -7.580   -6.739   26.929
   -7.496   -6.751   26.717
   -7.421   -6.779   26.508
   -7.357   -6.821   26.302
   -7.304   -6.877   26.103
   -7.261   -6.946   25.911
   -7.229   -7.028   25.728
   -7.209   -7.121   25.555
   -7.200   -7.226   25.394
   -7.203   -7.342   25.245
   -7.217   -7.467   25.111
   -7.242   -7.602   24.992
   -7.278   -7.745   24.889
   -7.325   -7.896   24.804
   -7.382   -8.053   24.737
   -7.449   -8.215   24.689
   -7.526   -8.383   24.661
   -7.612   -8.553   24.655
   -7.706   -8.726   24.670
   -7.808   -8.899   24.707
   -7.917   -9.070   24.766
   -8.032   -9.240   24.848
   -8.153   -9.404   24.952
   -8.279   -9.563   25.079
   -8.407   -9.713   25.226
   -8.538   -9.853   25.395
   -8.669   -9.980   25.583
   -8.801  -10.093   25.790
   -8.930  -10.190   26.012
   -9.056  -10.268   26.249
   -9.177  -10.326   26.497
   -9.292  -10.363   26.753
   -9.400  -10.376   27.015
   -9.497  -10.366   27.280
   -9.584  -10.331   27.543
   -9.659  -10.272   27.801
   -9.720  -10.189   28.050
   -9.767  -10.082   28.287
   -9.799   -9.953   28.508
   -9.814   -9.803   28.710
   -9.813   -9.635   28.890
   -9.795   -9.451   29.046
   -9.761   -9.255   29.175
   -9.710   -9.048   29.275
   -9.644   -8.834   29.347
   -9.563   -8.617   29.388
   -9.468   -8.399   29.400
   -9.361   -8.184   29.382
   -9.243   -7.974   29.335
   -9.116   -7.772   29.262
   -8.982   -7.581   29.162
   -8.841   -7.402   29.039
   -8.697   -7.238   28.894
   -8.551   -7.089   28.729
   -8.405   -6.956   28.548
   -8.260   -6.841   28.351
   -8.118   -6.744   28.143
   -7.980   -6.666   27.924
   -7.849   -6.605   27.698
   -7.724   -6.562   27.466
   -7.608   -6.537   27.230
   -7.501   -6.529   26.994
   -7.404   -6.539   26.758
   -7.317   -6.564   26.524
   -7.242   -6.605   26.295
   -7.178   -6.662   26.072
   -7.126   -6.733   25.856
   -7.087   -6.817   25.650
   -7.060   -6.915   25.454
   -7.045   -7.026   25.270
   -7.043   -7.148   25.099
   -7.054   -7.281   24.943
   -7.077   -7.425   24.803
   -7.111   -7.578   24.681
   -7.158   -7.740   24.577
   -7.216   -7.910   24.492
   -7.286   -8.086   24.428
   -7.366   -8.269   24.386
   -7.456   -8.456   24.366
   -7.556   -8.646   24.369
   -7.665   -8.838   24.397
   -7.783   -9.030   24.449
   -7.908   -9.221   24.527
   -8.039   -9.408   24.629
   -8.176   -9.590   24.756
   -8.318   -9.764   24.909
   -8.462   -9.928   25.085
   -8.609  -10.080   25.284
   -8.756  -10.217   25.504
   -8.903  -10.337   25.745
   -9.046  -10.438   26.003
   -9.186  -10.517   26.276
   -9.319  -10.573   26.561
   -9.444  -10.603   26.854
   -9.560  -10.606   27.152
   -9.665  -10.582   27.451
   -9.757  -10.530   27.747
   -9.834  -10.449   28.035
   -9.896  -10.341   28.311
   -9.940  -10.207   28.571
   -9.967  -10.048   28.811
   -9.975   -9.866   29.027
   -9.964   -9.665   29.216
   -9.934   -9.447   29.376
   -9.886   -9.217   29.504
   -9.819   -8.977   29.598
   -9.734   -8.731   29.659
   -9.634   -8.484   29.686
   -9.519   -8.238   29.678
   -9.391   -7.998   29.638
   -9.251   -7.766   29.566
   -9.103   -7.546   29.464
   -8.947   -7.339   29.335
   -8.786   -7.148   29.181
   -8.622   -6.975   29.004
   -8.457   -6.820   28.807
   -8.293   -6.685   28.593
   -8.132   -6.570   28.364
   -7.976   -6.475   28.124
   -7.825   -6.400   27.875
   -7.683   -6.346   27.619
   -7.549   -6.311   27.358
   -7.425   -6.296   27.096
   -7.312   -6.299   26.834
   -7.211   -6.320   26.574
   -7.121   -6.358   26.318
   -7.045   -6.413   26.067
   -6.982   -6.484   25.825
   -6.932   -6.570   25.591
   -6.896   -6.671   25.369
   -6.873   -6.785   25.158
   -6.864   -6.912   24.962
   -6.869   -7.052   24.780
   -6.887   -7.203   24.616
   -6.919   -7.366   24.469
   -6.964   -7.538   24.341
   -7.021   -7.720   24.234
   -7.091   -7.910   24.148
   -7.173   -8.107   24.086
   -7.267   -8.311   24.048
   -7.371   -8.519   24.034
   -7.486   -8.731   24.047
   -7.611   -8.945   24.087
   -7.744   -9.159   24.154
   -7.886   -9.371   24.249
   -8.034   -9.579   24.372
   -8.189   -9.780   24.523
   -8.348   -9.973   24.702
   -8.511  -10.154   24.907
   -8.675  -10.321   25.139
   -8.840  -10.471   25.394
   -9.003  -10.601   25.672
   -9.163  -10.708   25.969
   -9.318  -10.790   26.282
   -9.465  -10.845   26.608
   -9.603  -10.870   26.943
   -9.730  -10.865   27.282
   -9.844  -10.827   27.620
   -9.942  -10.756   27.954
  -10.024  -10.653   28.276
  -10.087  -10.518   28.584
  -10.130  -10.354   28.871
  -10.152  -10.162   29.133
  -10.153   -9.945   29.366
  -10.132   -9.707   29.566
  -10.090   -9.452   29.732
  -10.026   -9.183   29.860
   -9.942   -8.906   29.949
   -9.838   -8.625   29.999
   -9.717   -8.344   30.010
   -9.579   -8.068   29.982
   -9.428   -7.800   29.918
   -9.265   -7.544   29.819
   -9.093   -7.303   29.688
   -8.914   -7.079   29.527
   -8.730   -6.875   29.340
   -8.544   -6.692   29.129
   -8.359   -6.530   28.898
   -8.176   -6.391   28.650
   -7.997   -6.275   28.387
   -7.825   -6.182   28.114
   -7.660   -6.112   27.832
   -7.505   -6.063   27.545
   -7.361   -6.036   27.254
   -7.228   -6.029   26.963
   -7.108   -6.043   26.673
   -7.002   -6.075   26.387
   -6.909   -6.126   26.106
   -6.831   -6.194   25.833
   -6.767   -6.279   25.569
   -6.718   -6.380   25.315
   -6.684   -6.495   25.074
   -6.665   -6.626   24.847
   -6.661   -6.770   24.635
   -6.672   -6.927   24.440
   -6.698   -7.096   24.263
   -6.737   -7.277   24.107
   -6.791   -7.469   23.971
   -6.859   -7.671   23.858
   -6.940   -7.882   23.768
   -7.035   -8.101   23.704
   -7.141   -8.327   23.667
   -7.260   -8.558   23.657
   -7.390   -8.794   23.676
   -7.531   -9.032   23.725
   -7.681   -9.270   23.804
   -7.840   -9.506   23.915
   -8.007   -9.739   24.057
   -8.180   -9.964   24.231
   -8.359  -10.180   24.436
   -8.541  -10.382   24.671
   -8.725  -10.569   24.936
   -8.910  -10.737   25.228
   -9.093  -10.882   25.545
   -9.272  -11.001   25.884
   -9.445  -11.090   26.242
   -9.610  -11.149   26.614
   -9.764  -11.173   26.995
   -9.905  -11.160   27.381
  -10.030  -11.111   27.766
  -10.138  -11.023   28.143
  -10.227  -10.898   28.508
  -10.294  -10.737   28.853
  -10.339  -10.541   29.174
  -10.359  -10.314   29.465
  -10.354  -10.059   29.721
  -10.325   -9.780   29.938
  -10.270   -9.483   30.114
  -10.191   -9.173   30.246
  -10.089   -8.854   30.333
   -9.966   -8.533   30.374
   -9.822   -8.214   30.371
   -9.661   -7.902   30.325
   -9.485   -7.602   30.237
   -9.297   -7.318   30.111
   -9.099   -7.053   29.950
   -8.894   -6.808   29.756
   -8.685   -6.588   29.535
   -8.475   -6.391   29.289
   -8.267   -6.221   29.022
   -8.062   -6.076   28.737
   -7.863   -5.957   28.439
   -7.672   -5.864   28.130
   -7.491   -5.795   27.814
   -7.321   -5.751   27.493
   -7.164   -5.730   27.170
   -7.021   -5.731   26.848
   -6.892   -5.753   26.528
   -6.778   -5.795   26.213
   -6.679   -5.857   25.905
   -6.597   -5.936   25.605
   -6.531   -6.034   25.316
   -6.481   -6.147   25.039
   -6.448   -6.277   24.776
   -6.431   -6.422   24.528
   -6.430   -6.581   24.297
   -6.445   -6.754   24.084
   -6.476   -6.940   23.891
   -6.522   -7.139   23.719
   -6.584   -7.349   23.571
   -6.661   -7.571   23.446
   -6.752   -7.803   23.348
   -6.857   -8.044   23.277
   -6.976   -8.294   23.235
   -7.108   -8.550   23.223
   -7.252   -8.811   23.242
   -7.408   -9.076   23.295
   -7.575   -9.341   23.382
   -7.752   -9.606   23.503
   -7.937   -9.867   23.659
   -8.131  -10.122   23.852
   -8.330  -10.367   24.079
   -8.534  -10.598   24.342
   -8.740  -10.812   24.638
   -8.948  -11.005   24.966
   -9.154  -11.172   25.323
   -9.356  -11.311   25.707
   -9.551  -11.417   26.112
   -9.738  -11.487   26.535
   -9.913  -11.517   26.970
  -10.074  -11.506   27.410
  -10.217  -11.451   27.849
  -10.341  -11.352   28.281
  -10.442  -11.209   28.698
  -10.519  -11.023   29.092
  -10.569  -10.797   29.458
  -10.592  -10.535   29.789
  -10.586  -10.240   30.079
  -10.552   -9.918   30.324
  -10.488   -9.574   30.519
  -10.397   -9.216   30.664
  -10.279   -8.850   30.756
  -10.136   -8.482   30.795
   -9.970   -8.118   30.784
   -9.785   -7.764   30.722
   -9.582   -7.425   30.615
   -9.366   -7.106   30.464
   -9.140   -6.809   30.273
   -8.907   -6.538   30.048
   -8.670   -6.295   29.793
   -8.432   -6.081   29.511
   -8.197   -5.896   29.207
   -7.966   -5.741   28.885
   -7.744   -5.615   28.549
   -7.531   -5.517   28.203
   -7.329   -5.447   27.850
   -7.141   -5.403   27.493
   -6.967   -5.385   27.134
   -6.808   -5.390   26.777
   -6.666   -5.417   26.424
   -6.541   -5.466   26.077
   -6.434   -5.535   25.737
   -6.344   -5.624   25.407
   -6.272   -5.730   25.089
   -6.218   -5.854   24.783
   -6.181   -5.994   24.493
   -6.162   -6.151   24.218
   -6.161   -6.323   23.962
   -6.177   -6.509   23.725
   -6.211   -6.710   23.509
   -6.261   -6.924   23.315
   -6.327   -7.151   23.146
   -6.409   -7.391   23.002
   -6.508   -7.643   22.886
   -6.621   -7.905   22.799
   -6.750   -8.177   22.743
   -6.893   -8.458   22.719
   -7.049   -8.746   22.730
   -7.219   -9.040   22.777
   -7.402   -9.336   22.860
   -7.595   -9.633   22.983
   -7.799   -9.929   23.144
   -8.012  -10.219   23.346
   -8.233  -10.500   23.588
   -8.460  -10.769   23.871
   -8.691  -11.020   24.192
   -8.924  -11.250   24.551
   -9.157  -11.453   24.946
   -9.387  -11.626   25.372
   -9.611  -11.762   25.827
   -9.826  -11.858   26.304
  -10.030  -11.910   26.797
  -10.218  -11.914   27.301
  -10.388  -11.867   27.806
  -10.536  -11.769   28.305
  -10.659  -11.618   28.789
  -10.755  -11.417   29.250
  -10.821  -11.168   29.679
  -10.856  -10.873   30.068
  -10.858  -10.540   30.411
  -10.826  -10.173   30.702
  -10.761   -9.780   30.935
  -10.662   -9.369   31.110
  -10.533   -8.947   31.223
  -10.374   -8.523   31.274
  -10.189   -8.104   31.266
   -9.980   -7.696   31.200
   -9.752   -7.307   31.081
   -9.507   -6.941   30.912
   -9.250   -6.602   30.698
   -8.985   -6.293   30.444
   -8.715   -6.017   30.157
   -8.445   -5.774   29.840
   -8.178   -5.566   29.499
   -7.916   -5.391   29.139
   -7.664   -5.250   28.764
   -7.422   -5.141   28.378
   -7.194   -5.062   27.985
   -6.980   -5.012   27.588
   -6.783   -4.990   27.190
   -6.604   -4.994   26.795
   -6.443   -5.021   26.403
   -6.300   -5.072   26.018
   -6.177   -5.144   25.642
   -6.074   -5.235   25.276
   -5.990   -5.346   24.922
   -5.926   -5.475   24.581
   -5.880   -5.622   24.256
   -5.855   -5.785   23.948
   -5.848   -5.964   23.658
   -5.859   -6.159   23.387
   -5.889   -6.370   23.139
   -5.937   -6.595   22.913
   -6.003   -6.834   22.712
   -6.086   -7.088   22.538
   -6.187   -7.356   22.391
   -6.304   -7.636   22.276
   -6.437   -7.928   22.192
   -6.586   -8.232   22.142
   -6.751   -8.545   22.129
   -6.931   -8.867   22.153
   -7.124   -9.195   22.218
   -7.332   -9.528   22.324
   -7.552   -9.861   22.473
   -7.783  -10.193   22.668
   -8.024  -10.519   22.907
   -8.274  -10.836   23.193
   -8.530  -11.138   23.525
   -8.791  -11.420   23.902
   -9.054  -11.677   24.323
   -9.317  -11.903   24.784
   -9.576  -12.092   25.281
   -9.828  -12.239   25.810
  -10.069  -12.337   26.365
  -10.296  -12.382   26.937
  -10.505  -12.370   27.519
  -10.692  -12.298   28.101
  -10.852  -12.164   28.672
  -10.984  -11.968   29.222
  -11.082  -11.713   29.742
  -11.145  -11.401   30.220
  -11.171  -11.039   30.647
  -11.158  -10.632   31.017
  -11.105  -10.191   31.322
  -11.014   -9.723   31.557
  -10.884   -9.238   31.722
  -10.719   -8.746   31.813
  -10.522   -8.257   31.834
  -10.295   -7.779   31.786
  -10.043   -7.320   31.673
   -9.771   -6.888   31.501
   -9.482   -6.487   31.276
   -9.182   -6.121   31.004
   -8.876   -5.792   30.691
   -8.567   -5.504   30.344
   -8.261   -5.255   29.968
   -7.960   -5.045   29.570
   -7.668   -4.874   29.155
   -7.388   -4.740   28.727
   -7.123   -4.641   28.292
   -6.875   -4.574   27.851
   -6.644   -4.538   27.410
   -6.434   -4.531   26.970
   -6.243   -4.550   26.534
   -6.074   -4.594   26.105
   -5.926   -4.660   25.685
   -5.799   -4.748   25.275
   -5.694   -4.855   24.877
   -5.610   -4.982   24.493
   -5.547   -5.127   24.124
   -5.505   -5.289   23.771
   -5.483   -5.469   23.437
   -5.482   -5.664   23.122
   -5.500   -5.876   22.828
   -5.538   -6.104   22.557
   -5.594   -6.348   22.311
   -5.670   -6.607   22.090
   -5.764   -6.882   21.897
   -5.876   -7.172   21.735
   -6.005   -7.477   21.604
   -6.153   -7.796   21.508
   -6.317   -8.128   21.447
   -6.498   -8.473   21.426
   -6.696   -8.829   21.446
   -6.910   -9.194   21.509
   -7.138   -9.566   21.619
   -7.381   -9.941   21.776
   -7.637  -10.318   21.984
   -7.906  -10.691   22.243
   -8.185  -11.055   22.555
   -8.472  -11.406   22.920
   -8.766  -11.738   23.338
   -9.063  -12.043   23.808
   -9.361  -12.315   24.327
   -9.657  -12.547   24.890
   -9.946  -12.731   25.493
  -10.225  -12.860   26.129
  -10.489  -12.928   26.789
  -10.733  -12.929   27.463
  -10.953  -12.858   28.140
  -11.144  -12.714   28.807
  -11.301  -12.495   29.451
  -11.420  -12.204   30.061
  -11.499  -11.845   30.622
  -11.534  -11.424   31.123
  -11.523  -10.949   31.555
  -11.465  -10.432   31.910
  -11.362   -9.883   32.182
  -11.214   -9.314   32.369
  -11.024   -8.739   32.469
  -10.795   -8.168   32.485
  -10.532   -7.614   32.421
  -10.240   -7.085   32.281
   -9.924   -6.588   32.074
   -9.590   -6.131   31.807
   -9.244   -5.718   31.487
   -8.891   -5.350   31.122
   -8.536   -5.030   30.721
   -8.185   -4.756   30.291
   -7.842   -4.529   29.838
   -7.511   -4.345   29.368
   -7.194   -4.203   28.887
   -6.894   -4.100   28.399
   -6.615   -4.033   27.908
   -6.356   -3.998   27.417
   -6.120   -3.994   26.930
   -5.907   -4.017   26.449
   -5.718   -4.066   25.976
   -5.553   -4.137   25.512
   -5.411   -4.231   25.060
   -5.293   -4.344   24.622
   -5.198   -4.476   24.197
   -5.126   -4.627   23.789
   -5.076   -4.794   23.397
   -5.048   -4.979   23.024
   -5.041   -5.180   22.671
   -5.055   -5.398   22.339
   -5.089   -5.632   22.030
   -5.143   -5.883   21.745
   -5.217   -6.151   21.486
   -5.311   -6.436   21.254
   -5.424   -6.738   21.053
   -5.555   -7.057   20.883
   -5.705   -7.392   20.748
   -5.874   -7.745   20.649
   -6.061   -8.113   20.591
   -6.267   -8.497   20.574
   -6.490   -8.894   20.603
   -6.731   -9.304   20.679
   -6.988   -9.723   20.808
   -7.262  -10.148   20.990
   -7.551  -10.576   21.229
   -7.854  -11.003   21.527
   -8.169  -11.422   21.887
   -8.495  -11.827   22.308
   -8.828  -12.212   22.792
   -9.167  -12.568   23.337
   -9.507  -12.886   23.940
   -9.846  -13.157   24.598
  -10.177  -13.372   25.303
  -10.497  -13.521   26.049
  -10.799  -13.597   26.823
  -11.080  -13.591   27.615
  -11.331  -13.499   28.409
  -11.548  -13.316   29.190
  -11.725  -13.044   29.941
  -11.857  -12.683   30.647
  -11.940  -12.239   31.292
  -11.970  -11.722   31.861
  -11.945  -11.143   32.343
  -11.865  -10.516   32.729
  -11.730   -9.855   33.012
  -11.542   -9.178   33.192
  -11.305   -8.498   33.267
  -11.024   -7.832   33.244
  -10.705   -7.192   33.127
  -10.353   -6.588   32.925
   -9.976   -6.031   32.649
   -9.581   -5.524   32.307
   -9.175   -5.073   31.911
   -8.765   -4.680   31.469
   -8.356   -4.343   30.993
   -7.954   -4.061   30.489
   -7.564   -3.832   29.965
   -7.191   -3.652   29.428
   -6.836   -3.518   28.883
   -6.504   -3.425   28.335
   -6.196   -3.370   27.788
   -5.913   -3.349   27.244
   -5.656   -3.358   26.707
   -5.426   -3.395   26.179
   -5.223   -3.456   25.661
   -5.046   -3.539   25.155
   -4.895   -3.643   24.662
   -4.770   -3.766   24.183
   -4.669   -3.907   23.720
   -4.593   -4.065   23.274
   -4.540   -4.239   22.845
   -4.510   -4.429   22.436
   -4.502   -4.635   22.046
   -4.515   -4.858   21.677
   -4.550   -5.098   21.330
   -4.604   -5.354   21.008
   -4.679   -5.628   20.710
   -4.774   -5.920   20.441
   -4.889   -6.231   20.200
   -5.023   -6.560   19.991
   -5.177   -6.910   19.815
   -5.351   -7.279   19.676
   -5.544   -7.668   19.576
   -5.756   -8.077   19.519
   -5.989   -8.504   19.508
   -6.240   -8.950   19.546
   -6.512   -9.411   19.638
   -6.802   -9.886   19.787
   -7.111  -10.372   19.997
   -7.437  -10.864   20.272
   -7.780  -11.357   20.615
   -8.138  -11.845   21.030
   -8.509  -12.320   21.518
   -8.891  -12.773   22.080
   -9.279  -13.195   22.717
   -9.671  -13.575   23.424
  -10.062  -13.900   24.199
  -10.446  -14.158   25.034
  -10.818  -14.338   25.918
  -11.170  -14.427   26.839
  -11.496  -14.416   27.782
  -11.788  -14.297   28.727
  -12.040  -14.067   29.656
  -12.242  -13.723   30.546
  -12.391  -13.270   31.376
  -12.479  -12.715   32.127
  -12.502  -12.071   32.780
  -12.459  -11.354   33.321
  -12.349  -10.583   33.740
  -12.172   -9.778   34.031
  -11.932   -8.959   34.193
  -11.635   -8.149   34.229
  -11.286   -7.363   34.147
  -10.893   -6.619   33.957
  -10.465   -5.929   33.672
  -10.011   -5.301   33.305
   -9.540   -4.742   32.868
   -9.059   -4.253   32.377
   -8.578   -3.834   31.842
   -8.103   -3.484   31.274
   -7.641   -3.199   30.684
   -7.196   -2.974   30.079
   -6.774   -2.803   29.467
   -6.376   -2.681   28.851
   -6.006   -2.603   28.238
   -5.666   -2.564   27.629
   -5.355   -2.558   27.029
   -5.075   -2.582   26.438
   -4.826   -2.631   25.860
   -4.606   -2.704   25.294
   -4.415   -2.796   24.743
   -4.253   -2.907   24.206
   -4.119   -3.034   23.685
   -4.010   -3.177   23.180
   -3.927   -3.335   22.693
   -3.867   -3.507   22.223
   -3.831   -3.693   21.771
   -3.817   -3.894   21.339
   -3.825   -4.110   20.926
   -3.854   -4.342   20.535
   -3.903   -4.590   20.167
   -3.971   -4.856   19.821
   -4.060   -5.139   19.501
   -4.168   -5.442   19.208
   -4.295   -5.766   18.943
   -4.443   -6.111   18.709
   -4.610   -6.479   18.508
   -4.797   -6.870   18.344
   -5.004   -7.284   18.220
   -5.232   -7.724   18.138
   -5.482   -8.188   18.103
   -5.753   -8.676   18.119
   -6.045   -9.187   18.192
   -6.360   -9.719   18.325
   -6.696  -10.270   18.524
   -7.054  -10.837   18.795
   -7.432  -11.413   19.142
   -7.831  -11.993   19.571
   -8.248  -12.569   20.087
   -8.680  -13.131   20.691
   -9.126  -13.667   21.387
   -9.580  -14.164   22.175
  -10.039  -14.608   23.051
  -10.496  -14.982   24.010
  -10.945  -15.269   25.042
  -11.378  -15.453   26.133
  -11.786  -15.518   27.267
  -12.160  -15.452   28.420
  -12.489  -15.245   29.567
  -12.765  -14.892   30.681
  -12.978  -14.395   31.732
  -13.120  -13.761   32.692
  -13.184  -13.004   33.536
  -13.166  -12.144   34.241
  -13.064  -11.207   34.792
  -12.878  -10.219   35.181
  -12.612   -9.210   35.405
  -12.271   -8.208   35.468
  -11.864   -7.239   35.381
  -11.401   -6.324   35.158
  -10.893   -5.480   34.817
  -10.351   -4.719   34.377
   -9.788   -4.047   33.856
   -9.213   -3.467   33.272
   -8.638   -2.976   32.641
   -8.071   -2.571   31.978
   -7.521   -2.246   31.293
   -6.993   -1.993   30.597
   -6.492   -1.804   29.898
   -6.023   -1.672   29.201
   -5.587   -1.588   28.510
   -5.187   -1.546   27.829
   -4.823   -1.538   27.161
   -4.494   -1.561   26.506
   -4.200   -1.608   25.866
   -3.941   -1.676   25.242
   -3.714   -1.762   24.633
   -3.519   -1.863   24.041
   -3.353   -1.977   23.466
   -3.215   -2.103   22.907
   -3.104   -2.240   22.366
   -3.017   -2.388   21.841
   -2.954   -2.546   21.333
   -2.914   -2.715   20.843
   -2.894   -2.895   20.370
   -2.894   -3.087   19.916
   -2.913   -3.292   19.480
   -2.951   -3.511   19.064
   -3.007   -3.745   18.668
   -3.081   -3.995   18.293
   -3.173   -4.263   17.940
   -3.282   -4.551   17.611
   -3.409   -4.860   17.306
   -3.554   -5.192   17.029
   -3.718   -5.548   16.781
   -3.901   -5.931   16.565
   -4.104   -6.341   16.383
   -4.328   -6.781   16.240
   -4.574   -7.252   16.138
   -4.842   -7.754   16.083
   -5.133   -8.289   16.080
   -5.449   -8.856   16.134
   -5.790   -9.455   16.251
   -6.157  -10.085   16.439
   -6.550  -10.742   16.704
   -6.970  -11.422   17.056
   -7.416  -12.120   17.500
   -7.887  -12.828   18.046
   -8.381  -13.535   18.699
   -8.897  -14.228   19.467
   -9.431  -14.891   20.353
   -9.977  -15.505   21.359
  -10.531  -16.050   22.480
  -11.083  -16.502   23.711
  -11.626  -16.836   25.037
  -12.147  -17.027   26.439
  -12.636  -17.054   27.891
  -13.078  -16.898   29.358
  -13.460  -16.546   30.804
  -13.769  -15.994   32.186
  -13.992  -15.247   33.463
  -14.118  -14.323   34.593
  -14.138  -13.246   35.545
  -14.049  -12.053   36.291
  -13.849  -10.783   36.817
  -13.542   -9.479   37.119
  -13.135   -8.186   37.205
  -12.640   -6.939   37.090
  -12.069   -5.771   36.797
  -11.439   -4.706   36.353
  -10.765   -3.759   35.788
  -10.064   -2.937   35.129
   -9.350   -2.240   34.401
   -8.639   -1.664   33.626
   -7.940   -1.201   32.824
   -7.266   -0.838   32.009
   -6.622   -0.564   31.192
   -6.016   -0.366   30.381
   -5.450   -0.232   29.583
   -4.928   -0.152   28.801
   -4.450   -0.114   28.037
   -4.016   -0.112   27.293
   -3.625   -0.136   26.570
   -3.276   -0.182   25.867
   -2.966   -0.243   25.183
   -2.694   -0.317   24.520
   -2.456   -0.399   23.875
   -2.250   -0.488   23.249
   -2.074   -0.582   22.640
   -1.924   -0.679   22.049
   -1.800   -0.780   21.474
   -1.698   -0.883   20.916
   -1.616   -0.989   20.374
   -1.553   -1.097   19.847
   -1.508   -1.209   19.336
   -1.478   -1.325   18.839
   -1.462   -1.446   18.357
   -1.461   -1.573   17.890
   -1.472   -1.706   17.438
   -1.495   -1.847   17.000
   -1.531   -1.997   16.577
   -1.577   -2.157   16.169
   -1.635   -2.329   15.775
   -1.705   -2.515   15.397
   -1.786   -2.715   15.034
   -1.879   -2.932   14.688
   -1.984   -3.167   14.359
   -2.103   -3.422   14.048
   -2.235   -3.700   13.756
   -2.381   -4.002   13.484
   -2.544   -4.332   13.234
   -2.723   -4.691   13.009
   -2.920   -5.082   12.810
   -3.136   -5.508   12.641
   -3.374   -5.972   12.505
   -3.634   -6.475   12.407
   -3.918   -7.022   12.351
   -4.229   -7.614   12.344
   -4.568   -8.254   12.392
   -4.937   -8.943   12.503
   -5.338   -9.681   12.687
   -5.772  -10.469   12.953
   -6.243  -11.305   13.313
   -6.749  -12.184   13.781
   -7.293  -13.100   14.370
   -7.874  -14.043   15.093
   -8.492  -15.000   15.965
   -9.143  -15.951   16.999
   -9.825  -16.873   18.205
  -10.530  -17.737   19.588
  -11.252  -18.507   21.150
  -11.978  -19.143   22.880
  -12.695  -19.602   24.761
  -13.386  -19.839   26.758
  -14.032  -19.815   28.827
  -14.611  -19.496   30.909
  -15.100  -18.861   32.935
  -15.477  -17.908   34.830
  -15.720  -16.654   36.521
  -15.813  -15.138   37.943
  -15.746  -13.419   39.045
  -15.513  -11.570   39.799
  -15.118   -9.669   40.200
  -14.573   -7.792   40.264
  -13.894   -6.008   40.025
  -13.105   -4.371   39.530
  -12.230   -2.916   38.832
  -11.298   -1.662   37.983
  -10.333   -0.612   37.032
   -9.360    0.240   36.021
   -8.399    0.912   34.983
   -7.467    1.425   33.943
   -6.577    1.802   32.918
   -5.738    2.066   31.921
   -4.957    2.240   30.958
   -4.237    2.343   30.032
   -3.578    2.393   29.145
   -2.980    2.403   28.295
   -2.441    2.386   27.481
   -1.958    2.352   26.702
   -1.527    2.309   25.954
   -1.143    2.262   25.235
   -0.802    2.217   24.544
   -0.500    2.178   23.878
   -0.232    2.146   23.235
    0.006    2.125   22.615
    0.218    2.116   22.016
    0.408    2.119   21.437
    0.580    2.136   20.877
    0.735    2.167   20.336
    0.879    2.213   19.813
    1.012    2.273   19.307
    1.138    2.350   18.818
    1.260    2.442   18.347
    1.378    2.551   17.892
    1.495    2.676   17.455
    1.614    2.820   17.034
    1.734    2.982   16.631
    1.859    3.164   16.246
    1.990    3.366   15.880
    2.128    3.591   15.532
    2.274    3.839   15.205
    2.431    4.111   14.899
    2.599    4.411   14.616
    2.780    4.739   14.358
    2.976    5.098   14.127
    3.189    5.490   13.925
    3.419    5.917   13.756
    3.669    6.381   13.623
    3.941    6.884   13.531
    4.235    7.429   13.485
    4.555    8.016   13.490
    4.902    8.648   13.554
    5.277    9.324   13.685
    5.682   10.045   13.891
    6.119   10.809   14.182
    6.588   11.612   14.570
    7.091   12.449   15.064
    7.627   13.312   15.678
    8.196   14.190   16.424
    8.796   15.067   17.312
    9.424   15.924   18.352
   10.075   16.738   19.550
   10.741   17.479   20.908
   11.416   18.114   22.420
   12.086   18.608   24.073
   12.739   18.922   25.843
   13.358   19.021   27.697
   13.925   18.873   29.588
   14.420   18.455   31.462
   14.824   17.757   33.257
   15.118   16.783   34.909
   15.284   15.558   36.358
   15.312   14.121   37.552
   15.193   12.527   38.455
   14.926   10.840   39.048
   14.517    9.126   39.332
   13.977    7.449   39.324
   13.324    5.864   39.057
   12.577    4.414   38.570
   11.760    3.125   37.908
   10.896    2.013   37.116
   10.007    1.080   36.233
    9.113    0.318   35.295
    8.233   -0.286   34.329
    7.380   -0.751   33.358
    6.566   -1.095   32.395
    5.799   -1.340   31.453
    5.085   -1.502   30.537
    4.425   -1.599   29.651
    3.822   -1.646   28.796
    3.275   -1.656   27.973
    2.781   -1.639   27.181
    2.339   -1.603   26.418
    1.944   -1.556   25.683
    1.594   -1.504   24.973
    1.284   -1.450   24.288
    1.010   -1.398   23.625
    0.769   -1.350   22.984
    0.557   -1.309   22.364
    0.370   -1.275   21.762
    0.206   -1.249   21.178
    0.060   -1.232   20.612
   -0.069   -1.225   20.063
   -0.185   -1.228   19.530
   -0.289   -1.240   19.012
   -0.385   -1.262   18.509
   -0.472   -1.294   18.022
   -0.555   -1.337   17.548
   -0.633   -1.390   17.088
   -0.709   -1.453   16.642
   -0.783   -1.528   16.210
   -0.858   -1.614   15.791
   -0.933   -1.712   15.386
   -1.011   -1.822   14.994
   -1.092   -1.946   14.615
   -1.178   -2.084   14.249
   -1.269   -2.238   13.897
   -1.366   -2.409   13.559
   -1.470   -2.597   13.235
   -1.583   -2.805   12.927
   -1.705   -3.034   12.633
   -1.838   -3.287   12.357
   -1.983   -3.564   12.098
   -2.141   -3.869   11.858
   -2.314   -4.205   11.638
   -2.504   -4.573   11.442
   -2.711   -4.976   11.272
   -2.937   -5.418   11.130
   -3.186   -5.902   11.022
   -3.458   -6.430   10.950
   -3.755   -7.007   10.921
   -4.081   -7.635   10.941
   -4.436   -8.316   11.019
   -4.825   -9.053   11.162
   -5.248   -9.846   11.381
   -5.708  -10.698   11.689
   -6.208  -11.604   12.098
   -6.748  -12.562   12.623
   -7.330  -13.565   13.281
   -7.954  -14.601   14.089
   -8.619  -15.655   15.064
   -9.324  -16.705   16.221
  -10.062  -17.724   17.573
  -10.829  -18.677   19.129
  -11.615  -19.522   20.888
  -12.406  -20.210   22.840
  -13.188  -20.688   24.962
  -13.938  -20.905   27.212
  -14.636  -20.811   29.535
  -15.254  -20.369   31.856
  -15.766  -19.556   34.092
  -16.145  -18.376   36.152
  -16.369  -16.856   37.949
  -16.417  -15.052   39.410
  -16.281  -13.042   40.483
  -15.957  -10.918   41.147
  -15.452   -8.775   41.406
  -14.784   -6.703   41.292
  -13.975   -4.777   40.858
  -13.054   -3.049   40.166
  -12.053   -1.550   39.281
  -11.001   -0.293   38.265
   -9.929    0.731   37.171
   -8.862    1.537   36.042
   -7.821    2.151   34.912
   -6.823    2.602   33.802
   -5.880    2.917   32.728
   -4.999    3.125   31.698
   -4.186    3.248   30.716
   -3.442    3.309   29.782
   -2.766    3.326   28.895
   -2.156    3.312   28.052
   -1.609    3.279   27.251
   -1.120    3.238   26.487
   -0.683    3.195   25.758
   -0.295    3.157   25.061
    0.050    3.127   24.394
    0.358    3.108   23.754
    0.634    3.104   23.140
    0.881    3.116   22.549
    1.105    3.145   21.982
    1.309    3.192   21.437
    1.497    3.259   20.914
    1.674    3.345   20.412
    1.841    3.451   19.930
    2.002    3.578   19.470
    2.160    3.727   19.031
    2.317    3.897   18.613
    2.475    4.091   18.218
    2.637    4.308   17.845
    2.804    4.550   17.497
    2.979    4.818   17.173
    3.163    5.112   16.877
    3.358    5.435   16.609
    3.566    5.787   16.372
    3.788    6.170   16.169
    4.027    6.585   16.003
    4.283    7.034   15.877
    4.558    7.517   15.797
    4.854    8.034   15.765
    5.173    8.587   15.789
    5.514    9.175   15.874
    5.881    9.797   16.027
    6.273   10.451   16.256
    6.691   11.133   16.567
    7.136   11.838   16.971
    7.607   12.560   17.474
    8.102   13.288   18.085
    8.621   14.010   18.812
    9.161   14.712   19.659
    9.717   15.377   20.629
   10.283   15.981   21.724
   10.853   16.503   22.937
   11.419   16.917   24.258
   11.969   17.196   25.671
   12.492   17.315   27.151
   12.975   17.252   28.667
   13.403   16.990   30.181
   13.762   16.519   31.651
   14.038   15.841   33.032
   14.219   14.966   34.281
   14.293   13.917   35.357
   14.256   12.728   36.229
   14.103   11.439   36.877
   13.836   10.095   37.291
   13.462    8.742   37.474
   12.989    7.423   37.438
   12.432    6.174   37.207
   11.806    5.024   36.808
   11.127    3.993   36.270
   10.413    3.091   35.624
    9.680    2.321   34.898
    8.943    1.680   34.117
    8.216    1.160   33.302
    7.510    0.750   32.469
    6.833    0.437   31.632
    6.193    0.207   30.801
    5.594    0.049   29.982
    5.039   -0.052   29.179
    4.529   -0.105   28.395
    4.065   -0.120   27.632
    3.646   -0.105   26.891
    3.271   -0.068   26.171
    2.937   -0.013   25.472
    2.641    0.054   24.793
    2.382    0.129   24.135
    2.157    0.212   23.495
    1.962    0.298   22.874
    1.795    0.387   22.270
    1.655    0.478   21.684
    1.537    0.571   21.114
    1.440    0.664   20.560
    1.362    0.759   20.021
    1.302    0.855   19.498
    1.257    0.954   18.989
    1.227    1.055   18.495
    1.210    1.159   18.016
    1.205    1.268   17.550
    1.211    1.382   17.098
    1.228    1.502   16.661
    1.256    1.630   16.236
    1.293    1.766   15.826
    1.340    1.911   15.429
    1.398    2.068   15.046
    1.465    2.237   14.677
    1.542    2.421   14.323
    1.630    2.620   13.983
    1.729    2.836   13.659
    1.840    3.072   13.351
    1.963    3.329   13.060
    2.100    3.609   12.787
    2.251    3.916   12.534
    2.418    4.251   12.303
    2.601    4.617   12.094
    2.803    5.017   11.912
    3.025    5.454   11.760
    3.268    5.931   11.640
    3.534    6.450   11.557
    3.826    7.016   11.517
    4.146    7.629   11.527
    4.494    8.294   11.592
    4.875    9.012   11.722
    5.289    9.783   11.927
    5.739   10.609   12.218
    6.226   11.486   12.608
    6.753   12.411   13.111
    7.319   13.378   13.741
    7.926   14.375   14.514
    8.571   15.389   15.447
    9.254   16.397   16.554
    9.969   17.375   17.846
   10.710   18.290   19.330
   11.469   19.102   21.007
   12.233   19.767   22.867
   12.987   20.237   24.888
   13.713   20.461   27.032
   14.388   20.396   29.248
   14.990   20.005   31.469
   15.492   19.266   33.616
   15.870   18.181   35.607
   16.101   16.773   37.360
   16.168   15.090   38.805
   16.060   13.202   39.892
   15.774   11.192   40.594
   15.316    9.150   40.914
   14.698    7.158   40.875
   13.944    5.289   40.522
   13.077    3.597   39.911
   12.128    2.115   39.103
   11.126    0.857   38.154
   10.098   -0.178   37.118
    9.070   -1.004   36.036
    8.061   -1.642   34.942
    7.090   -2.118   33.859
    6.168   -2.459   32.803
    5.305   -2.689   31.785
    4.504   -2.833   30.808
    3.770   -2.910   29.876
    3.101   -2.940   28.988
    2.497   -2.935   28.140
    1.953   -2.908   27.332
    1.466   -2.869   26.561
    1.032   -2.826   25.823
    0.646   -2.783   25.115
    0.303   -2.747   24.437
   -0.002   -2.719   23.784
   -0.274   -2.704   23.157
   -0.518   -2.702   22.553
   -0.736   -2.715   21.971
   -0.934   -2.744   21.410
   -1.115   -2.790   20.870
   -1.283   -2.854   20.349
   -1.440   -2.936   19.848
   -1.590   -3.036   19.367
   -1.735   -3.155   18.905
   -1.877   -3.295   18.462
   -2.019   -3.454   18.039
   -2.163   -3.636   17.636
   -2.310   -3.839   17.254
   -2.463   -4.065   16.894
   -2.623   -4.316   16.556
   -2.793   -4.593   16.243
   -2.973   -4.897   15.955
   -3.166   -5.230   15.695
   -3.372   -5.593   15.465
   -3.594   -5.988   15.267
   -3.834   -6.416   15.106
   -4.093   -6.880   14.985
   -4.372   -7.381   14.908
   -4.673   -7.920   14.880
   -4.998   -8.497   14.908
   -5.348   -9.112   14.998
   -5.725   -9.766   15.157
   -6.129  -10.457   15.394
   -6.563  -11.180   15.718
   -7.025  -11.932   16.137
   -7.516  -12.705   16.662
   -8.035  -13.489   17.303
   -8.581  -14.273   18.067
   -9.151  -15.040   18.962
   -9.741  -15.771   19.994
  -10.344  -16.442   21.163
  -10.955  -17.027   22.465
  -11.563  -17.498   23.890
  -12.157  -17.822   25.422
  -12.724  -17.972   27.032
  -13.249  -17.921   28.687
  -13.717  -17.647   30.345
  -14.110  -17.139   31.955
  -14.413  -16.397   33.468
  -14.612  -15.433   34.832
  -14.694  -14.274   36.002
  -14.652  -12.957   36.941
  -14.482  -11.531   37.627
  -14.187  -10.049   38.050
  -13.773   -8.563   38.215
  -13.251   -7.122   38.139
  -12.638   -5.768   37.851
  -11.950   -4.532   37.383
  -11.208   -3.434   36.770
  -10.429   -2.484   36.048
   -9.634   -1.683   35.248
   -8.838   -1.025   34.398
   -8.056   -0.499   33.520
   -7.300   -0.091   32.632
   -6.578    0.215   31.747
   -5.898    0.434   30.873
   -5.264    0.581   30.019
   -4.679    0.670   29.186
   -4.144    0.713   28.377
   -3.657    0.719   27.594
   -3.219    0.699   26.835
   -2.827    0.659   26.100
   -2.478    0.605   25.388
   -2.169    0.543   24.699
   -1.898    0.474   24.030
   -1.660    0.404   23.382
   -1.454    0.332   22.753
   -1.275    0.262   22.142
   -1.121    0.194   21.549
   -0.990    0.128   20.973
   -0.878    0.065   20.412
   -0.783    0.005   19.867
   -0.704   -0.053   19.338
   -0.639   -0.107   18.822
   -0.586   -0.160   18.321
   -0.543   -0.211   17.833
   -0.510   -0.261   17.358
   -0.485   -0.310   16.896
   -0.468   -0.359   16.447
   -0.457   -0.408   16.010
   -0.452   -0.458   15.584
   -0.453   -0.510   15.171
   -0.458   -0.564   14.768
   -0.469   -0.620   14.377
   -0.484   -0.680   13.997
   -0.504   -0.744   13.627
   -0.528   -0.812   13.267
   -0.556   -0.886   12.918
   -0.589   -0.966   12.579
   -0.627   -1.053   12.250
   -0.670   -1.148   11.931
   -0.718   -1.252   11.621
   -0.771   -1.366   11.321
   -0.831   -1.491   11.032
   -0.897   -1.629   10.752
   -0.970   -1.780   10.482
   -1.051   -1.946   10.223
   -1.141   -2.130    9.974
   -1.240   -2.332    9.737
   -1.349   -2.556    9.512
   -1.470   -2.802    9.299
   -1.603   -3.074    9.100
   -1.751   -3.375    8.916
   -1.913   -3.706    8.749
   -2.093   -4.072    8.601
   -2.291   -4.477    8.474
   -2.510   -4.922    8.372
   -2.751   -5.413    8.297
   -3.018   -5.954    8.256
   -3.312   -6.549    8.252
   -3.636   -7.202    8.294
   -3.993   -7.918    8.389
   -4.386   -8.700    8.547
   -4.817   -9.551    8.780
   -5.291  -10.473    9.100
   -5.810  -11.467    9.524
   -6.376  -12.532   10.070
   -6.992  -13.661   10.757
   -7.660  -14.847   11.608
   -8.379  -16.073   12.647
   -9.150  -17.318   13.895
   -9.967  -18.552   15.375
  -10.827  -19.735   17.104
  -11.718  -20.815   19.089
  -12.629  -21.733   21.327
  -13.540  -22.420   23.796
  -14.429  -22.803   26.455
  -15.267  -22.811   29.235
  -16.023  -22.385   32.044
  -16.659  -21.486   34.772
  -17.143  -20.109   37.295
  -17.440  -18.285   39.491
  -17.524  -16.087   41.259
  -17.380  -13.619   42.527
  -17.004  -11.010   43.266
  -16.404   -8.393   43.489
  -15.602   -5.890   43.248
  -14.630   -3.598   42.621
  -13.525   -1.583   41.697
  -12.330    0.124   40.569
  -11.083    1.517   39.318
   -9.822    2.615   38.011
   -8.577    3.448   36.700
   -7.373    4.056   35.421
   -6.229    4.478   34.197
   -5.158    4.753   33.039
   -4.166    4.915   31.952
   -3.257    4.995   30.936
   -2.431    5.016   29.988
   -1.685    5.000   29.103
   -1.016    4.961   28.276
   -0.418    4.912   27.501
    0.116    4.864   26.772
    0.591    4.822   26.086
    1.015    4.794   25.439
    1.393    4.781   24.826
    1.732    4.788   24.247
    2.038    4.817   23.698
    2.316    4.869   23.178
    2.572    4.944   22.687
    2.809    5.044   22.223
    3.033    5.169   21.787
    3.247    5.319   21.378
    3.454    5.495   20.997
    3.658    5.696   20.645
    3.862    5.924   20.323
    4.069    6.177   20.032
    4.280    6.456   19.774
    4.498    6.762   19.551
    4.724    7.094   19.365
    4.961    7.452   19.218
    5.211    7.835   19.113
    5.473    8.244   19.055
    5.751    8.676   19.046
    6.044    9.131   19.090
    6.353    9.606   19.191
    6.678   10.099   19.354
    7.021   10.605   19.583
    7.380   11.121   19.881
    7.754   11.640   20.254
    8.143   12.155   20.704
    8.545   12.657   21.234
    8.956   13.137   21.845
    9.375   13.583   22.537
    9.796   13.983   23.306
   10.215   14.323   24.149
   10.626   14.589   25.056
   11.023   14.768   26.017
   11.398   14.846   27.016
   11.743   14.813   28.036
   12.050   14.661   29.056
   12.312   14.384   30.053
   12.519   13.982   31.003
   12.666   13.462   31.883
   12.745   12.832   32.669
   12.754   12.107   33.342
   12.689   11.307   33.889
   12.551   10.454   34.297
   12.341    9.572   34.564
   12.064    8.683   34.690
   11.725    7.811   34.681
   11.334    6.975   34.547
   10.897    6.191   34.300
   10.426    5.472   33.955
    9.930    4.825   33.529
    9.419    4.255   33.035
    8.902    3.764   32.488
    8.388    3.349   31.902
    7.884    3.008   31.288
    7.396    2.734   30.656
    6.929    2.523   30.012
    6.488    2.367   29.365
    6.075    2.260   28.719
    5.693    2.197   28.077
    5.343    2.171   27.444
    5.026    2.177   26.821
    4.741    2.211   26.210
    4.487    2.269   25.612
    4.265    2.348   25.029
    4.074    2.446   24.460
    3.911    2.560   23.908
    3.775    2.689   23.371
    3.667    2.832   22.851
    3.583    2.989   22.348
    3.524    3.158   21.863
    3.487    3.341   21.396
    3.472    3.537   20.948
    3.479    3.747   20.519
    3.506    3.972   20.111
    3.552    4.213   19.724
    3.618    4.470   19.360
    3.704    4.746   19.019
    3.808    5.041   18.703
    3.931    5.356   18.415
    4.074    5.693   18.155
    4.236    6.054   17.927
    4.418    6.439   17.734
    4.620    6.849   17.577
    4.843    7.286   17.461
    5.088    7.750   17.390
    5.354    8.241   17.367
    5.643    8.759   17.398
    5.955    9.303   17.489
    6.290    9.872   17.643
    6.649   10.462   17.869
    7.030   11.071   18.171
    7.435   11.691   18.556
    7.861   12.317   19.030
    8.307   12.940   19.598
    8.771   13.548   20.264
    9.249   14.129   21.031
    9.737   14.667   21.899
   10.231   15.144   22.866
   10.723   15.544   23.924
   11.205   15.846   25.063
   11.670   16.030   26.266
   12.106   16.080   27.514
   12.504   15.980   28.779
   12.852   15.719   30.033
   13.139   15.295   31.243
   13.355   14.708   32.375
   13.490   13.970   33.398
   13.538   13.099   34.281
   13.494   12.119   35.003
   13.357   11.061   35.548
   13.127    9.959   35.908
   12.810    8.845   36.083
   12.413    7.752   36.083
   11.946    6.708   35.922
   11.422    5.735   35.619
   10.853    4.850   35.195
   10.252    4.063   34.673
    9.632    3.379   34.073
    9.006    2.798   33.416
    8.385    2.315   32.718
    7.777    1.925   31.995
    7.191    1.618   31.257
    6.634    1.385   30.515
    6.108    1.218   29.775
    5.619    1.106   29.042
    5.167    1.041   28.321
    4.754    1.015   27.613
    4.380    1.022   26.921
    4.043    1.055   26.245
    3.744    1.111   25.586
    3.481    1.184   24.944
    3.251    1.271   24.320
    3.053    1.371   23.713
    2.884    1.481   23.122
    2.744    1.600   22.549
    2.629    1.727   21.993
    2.539    1.863   21.453
    2.471    2.006   20.930
    2.425    2.158   20.424
    2.398    2.318   19.934
    2.390    2.488   19.462
    2.400    2.668   19.006
    2.427    2.860   18.568
    2.470    3.064   18.148
    2.529    3.283   17.747
    2.605    3.518   17.365
    2.696    3.769   17.003
    2.804    4.040   16.663
    2.927    4.332   16.345
    3.068    4.647   16.051
    3.226    4.986   15.784
    3.402    5.352   15.545
    3.597    5.747   15.337
    3.813    6.173   15.163
    4.049    6.631   15.027
    4.307    7.124   14.933
    4.589    7.653   14.886
    4.896    8.219   14.892
    5.229    8.823   14.956
    5.588    9.464   15.086
    5.976   10.142   15.290
    6.393   10.854   15.577
    6.840   11.596   15.955
    7.316   12.362   16.434
    7.821   13.144   17.025
    8.354   13.930   17.735
    8.912   14.706   18.574
    9.492   15.455   19.546
   10.089   16.154   20.656
   10.696   16.778   21.901
   11.305   17.301   23.274
   11.905   17.691   24.761
   12.484   17.918   26.339
   13.028   17.955   27.978
   13.521   17.779   29.638
   13.948   17.372   31.272
   14.290   16.730   32.830
   14.535   15.860   34.261
   14.667   14.782   35.517
   14.679   13.529   36.557
   14.564   12.147   37.352
   14.322   10.684   37.887
   13.958    9.196   38.160
   13.481    7.733   38.185
   12.906    6.340   37.985
   12.248    5.052   37.590
   11.528    3.895   37.036
   10.764    2.882   36.358
    9.975    2.019   35.589
    9.179    1.301   34.759
    8.390    0.721   33.892
    7.622    0.264   33.007
    6.886   -0.084   32.120
    6.188   -0.338   31.242
    5.535   -0.515   30.380
    4.929   -0.627   29.538
    4.373   -0.688   28.719
    3.866   -0.709   27.925
    3.408   -0.699   27.156
    2.997   -0.667   26.411
    2.631   -0.618   25.690
    2.305   -0.559   24.991
    2.019   -0.492   24.314
    1.767   -0.422   23.658
    1.548   -0.351   23.021
    1.358   -0.280   22.402
    1.194   -0.210   21.802
    1.054   -0.142   21.218
    0.934   -0.078   20.651
    0.833   -0.016   20.100
    0.748    0.044   19.564
    0.677    0.100   19.042
    0.620    0.155   18.535
    0.573    0.208   18.041
    0.536    0.259   17.561
    0.509    0.310   17.094
    0.489    0.360   16.640
    0.476    0.411   16.197
    0.469    0.462   15.767
    0.469    0.515   15.349
    0.473    0.569   14.942
    0.483    0.627   14.546
    0.497    0.687   14.161
    0.516    0.752   13.787
    0.540    0.821   13.423
    0.568    0.896   13.070
    0.601    0.977   12.727
    0.639    1.065   12.394
    0.681    1.161   12.071
    0.729    1.265   11.758
    0.783    1.380   11.455
    0.843    1.506   11.162
    0.909    1.644   10.879
    0.982    1.796   10.606
    1.064    1.963   10.344
    1.154    2.147   10.093
    1.253    2.350    9.853
    1.363    2.574    9.625
    1.484    2.822    9.410
    1.618    3.094    9.209
    1.766    3.396    9.023
    1.929    3.728    8.854
    2.109    4.095    8.705
    2.308    4.500    8.576
    2.527    4.946    8.472
    2.769    5.438    8.397
    3.037    5.979    8.355
    3.331    6.575    8.351
    3.656    7.228    8.392
    4.013    7.943    8.488
    4.407    8.724    8.646
    4.839    9.575    8.879
    5.313   10.496    9.200
    5.832   11.488    9.625
    6.398   12.550   10.172
    7.014   13.676   10.861
    7.681   14.857   11.713
    8.399   16.077   12.752
    9.168   17.316   14.001
    9.983   18.542   15.480
   10.840   19.714   17.206
   11.728   20.784   19.187
   12.635   21.691   21.418
   13.541   22.366   23.878
   14.425   22.737   26.524
   15.257   22.735   29.288
   16.005   22.301   32.079
   16.636   21.399   34.786
   17.112   20.022   37.287
   17.404   18.204   39.463
   17.484   16.015   41.213
   17.337   13.562   42.466
   16.959   10.971   43.195
   16.360    8.373   43.413
   15.560    5.888   43.171
   14.592    3.613   42.547
   13.493    1.612   41.629
   12.304   -0.083   40.508
   11.064   -1.467   39.264
    9.809   -2.558   37.965
    8.571   -3.388   36.661
    7.374   -3.993   35.387
    6.236   -4.414   34.167
    5.170   -4.689   33.012
    4.183   -4.852   31.928
    3.279   -4.932   30.914
    2.457   -4.955   29.967
    1.715   -4.939   29.082
    1.049   -4.901   28.254
    0.453   -4.853   27.478
   -0.078   -4.805   26.748
   -0.551   -4.764   26.061
   -0.973   -4.735   25.411
   -1.349   -4.722   24.797
   -1.687   -4.729   24.215
   -1.991   -4.757   23.663
   -2.268   -4.808   23.141
   -2.523   -4.883   22.646
   -2.759   -4.982   22.179
   -2.981   -5.106   21.740
   -3.194   -5.255   21.327
   -3.400   -5.429   20.943
   -3.603   -5.629   20.587
   -3.806   -5.855   20.261
   -4.011   -6.108   19.965
   -4.221   -6.386   19.702
   -4.438   -6.691   19.473
   -4.663   -7.022   19.281
   -4.899   -7.379   19.128
   -5.148   -7.762   19.018
   -5.409   -8.171   18.953
   -5.686   -8.604   18.936
   -5.978   -9.060   18.973
   -6.286   -9.538   19.067
   -6.612  -10.033   19.222
   -6.954  -10.544   19.443
   -7.314  -11.065   19.734
   -7.689  -11.590   20.099
   -8.080  -12.113   20.542
   -8.483  -12.625   21.066
   -8.898  -13.117   21.672
   -9.320  -13.576   22.360
   -9.746  -13.990   23.128
  -10.171  -14.346   23.971
  -10.589  -14.629   24.882
  -10.993  -14.826   25.850
  -11.377  -14.923   26.859
  -11.732  -14.907   27.893
  -12.050  -14.771   28.930
  -12.322  -14.508   29.947
  -12.541  -14.119   30.920
  -12.699  -13.606   31.824
  -12.790  -12.980   32.637
  -12.809  -12.256   33.337
  -12.753  -11.452   33.909
  -12.623  -10.591   34.342
  -12.420   -9.696   34.631
  -12.147   -8.793   34.776
  -11.811   -7.904   34.782
  -11.420   -7.049   34.659
  -10.983   -6.247   34.421
  -10.509   -5.509   34.082
  -10.008   -4.844   33.657
   -9.491   -4.258   33.163
   -8.967   -3.752   32.615
   -8.445   -3.325   32.025
   -7.933   -2.972   31.406
   -7.436   -2.688   30.768
   -6.961   -2.469   30.119
   -6.511   -2.306   29.465
   -6.090   -2.193   28.812
   -5.700   -2.125   28.165
   -5.342   -2.095   27.525
   -5.017   -2.098   26.895
   -4.725   -2.129   26.278
   -4.465   -2.185   25.674
   -4.237   -2.261   25.085
   -4.039   -2.357   24.511
   -3.871   -2.468   23.952
   -3.730   -2.595   23.410
   -3.617   -2.735   22.884
   -3.528   -2.888   22.375
   -3.464   -3.054   21.884
   -3.423   -3.233   21.410
   -3.404   -3.426   20.956
   -3.406   -3.631   20.520
   -3.429   -3.852   20.105
   -3.471   -4.088   19.710
   -3.533   -4.340   19.337
   -3.614   -4.610   18.988
   -3.713   -4.899   18.663
   -3.832   -5.208   18.365
   -3.970   -5.539   18.095
   -4.127   -5.892   17.855
   -4.304   -6.270   17.649
   -4.500   -6.674   17.478
   -4.718   -7.104   17.347
   -4.957   -7.561   17.259
   -5.218   -8.047   17.219
   -5.501   -8.560   17.231
   -5.807   -9.100   17.300
   -6.137   -9.666   17.432
   -6.490  -10.256   17.633
   -6.867  -10.866   17.909
   -7.267  -11.491   18.267
   -7.690  -12.126   18.713
   -8.134  -12.761   19.252
   -8.597  -13.386   19.890
   -9.077  -13.988   20.630
   -9.568  -14.554   21.473
  -10.067  -15.066   22.419
  -10.568  -15.506   23.460
  -11.062  -15.853   24.590
  -11.542  -16.089   25.792
  -11.997  -16.193   27.048
  -12.417  -16.149   28.333
  -12.790  -15.945   29.619
  -13.106  -15.573   30.871
  -13.353  -15.033   32.056
  -13.521  -14.334   33.141
  -13.603  -13.490   34.093
  -13.591  -12.526   34.887
  -13.485  -11.471   35.504
  -13.283  -10.359   35.934
  -12.990   -9.223   36.174
  -12.613   -8.099   36.231
  -12.161   -7.016   36.118
  -11.646   -5.999   35.853
  -11.081   -5.068   35.458
  -10.479   -4.235   34.956
   -9.854   -3.506   34.369
   -9.219   -2.884   33.718
   -8.585   -2.363   33.021
   -7.962   -1.940   32.294
