5.4
5.7
10
17.9
21.5
26.1
31.3
31.1
25.4
18.8
12.2
4.8
3.7
4
8.7
16.8
22
24.6
26.7
30.2
25.6
19
11.8
5.3
3.9
4.6
9.3
18
21.2
25.6
29.5
31.7
27.7
20.6
14.3
5.1
2.9
8.5
10.2
16.6
22.1
25.8
27.5
30.1
25.3
20
10.6
6.5
-0.3
3.9
10.7
18
22.3
26.9
31.2
29.2
27.3
23.5
13.4
9.4
4.5
4.2
9.8
18.7
24.6
26.7
32.3
31.5
26.4
21.3
13.7
8.5
7.4
7.6
11.8
16.4
21.6
26.2
29
30.4
24.8
22.4
12.5
7.6
3.5
3.3
10.1
16.3
21.8
25.9
27.2
27.2
25.2
18.7
15.1
3.9
0.5
4.2
12.2
17.2
22.7
26.5
30.4
29.3
25.2
19
9.3
6.1
3.1
5.7
10.6
16.7
24.5
26.3
29.1
29.5
25.5
21.7
13.8
6.8
4.2
3.7
11.4
18.7
23
26.6
27.9
30.3
26.7
19.8
12.7
5.2
1.3
2.4
9.1
18
23.5
27.1
29.7
32
25.9
20.4
14.4
5.6
1.6
5.3
9.3
18.1
23.2
26.5
29.8
31.5
25.8
19.8
12.2
3.4
1.7
2.6
10.5
17.5
21.7
26
27.7
29.9
24.2
18.7
11.8
7.7
3.3
5.8
9.1
16.3
21.8
26.5
27.2
29.3
25.2
21.4
13.8
7.6
4.3
4.1
9.1
17.1
22.7
26.2
29.9
30.3
26.7
21.3
12.7
6.8
5.5
7.7
11.7
19.5
22.7
25
29
29.8
25.7
20.4
12.8
7.9
4
7.4
11.6
16.6
21
26.2
30.2
31.7
27.1
21.1
16.4
8.1
4.6
4.7
10.2
18
22.6
25.9
28.4
28.9
25.3
20
13
8.6
5.7
6.8
11.8
17.6
21.4
25.3
29.8
29.5
25.2
20
13
7.8
3
7.1
11.2
16.6
22.6
25.5
27.6
26.8
26.2
19.7
13.8
6.8
4.8
6.3
9.2
20.2
23.3
25.9
33.7
32.1
26.5
21.2
15.8
7.9
4.3
6.8
12.2
16.7
22.1
26.2
29.3
32
25.1
21.5
13.8
5.3
4.4
4.6
9.6
15.1
22
25.4
29.8
30.7
28.1
21.5
13.6
9.4
5.1
7.6
12.5
18.2
24
28
29.5
31.2
26.7
20.7
14.9
7.7
4.5
9.2
12.5
20.2
23.4
25.3
29.6
29.9
27.5
22.2
14.7
9
5.9
6.8
12.1
17.7
21.5
25.8
29.4
30.1
27.5
20
14.4
7
3.9
4.3
12.4
17.4
22.2
26.3
30.6
31
24.5
20.8
14.1
9.6
5.3
8.3
11.4
18.6
23.1
25.2
30.2
30.3
27.1
20.6
13.4
5.8
7.2
8.1
14
19.5
22.5
27.4
29.6
28.4
26.3
19.5
10.9
7
3
7.2
11
17.3
23.7
25.7
27.2
29.3
27.2
20.9
15.9
6.7
3.7
8.4
11.6
18
21.6
26.7
30.3
31.1
27.1
21.4
15.4
8.1
3.4
3.2
9.2
19.2
22.5
26.6
29.2
29.8
26.7
19.9
14.9
2.7
5.2
6
11.8
16.2
23.1
27.3
28.7
32.7
26.6
24.4
15.8
8.2
6.4
10.4
13.5
17.4
24.5
27.4
29.4
32
26
21.3
13.7
8.6
3.6
4.8
12.9
19.5
23.8
26.5
30.9
30.3
28.1
22.8
14.1
8.1
4.8
8.6
12.3
18.2
24.2
27.5
28.3
30.3
27
23
13.9
5.3
3.2
6.9
10.1
14.7
22.5
27.3
30.2
31.8
27.7
20.2
13.5
6.6
-0.4
6.6
9.1
16.4
23
26.9
29.9
29.8
26.5
20.1
16.8
5.3
3.3
4.1
9.5
18.2
24.3
27.9
29.7
31.5
25.1
21.1
11.9
2.9
3
5.2
12
15.5
23.1
27.4
30.4
32.5
26.8
21.8
13
6.6
6.4
8.4
13
18.8
24
26.9
29.2
27.6
26.5
21.6
14.1
4.3
5.1
6.6
12.3
18.8
23.6
26.5
29
30.5
26.8
21.7
14.6
8.3
3.5
7
12.5
19.8
24.8
27
30.6
32.2
27.3
20.9
13.5
8.5
5.8
7
11.8
19.1
24.7
27.1
31.2
30.5
26.9
21.1
13.3
5.8
2.8
5
13.9
19.1
23.7
28
32.4
33.3
26.6
19.6
14.8
6.6
5.6
7.3
13.5
17.9
24.6
26
29.8
31.7
27
21.6
15.2
8.7
7.7
9
13.6
16.1
23.1
27.2
26.5
31.3
25.8
20.5
14.6
7
4.9
9.6
14.5
19.5
22.4
27.4
31.4
30
26.9
21.9
15.1
8.4

