   1.00000000     -0.129999995    
   2.00000000      -7.99999982E-02
   3.00000000      -2.99999993E-02
   4.00000000      -5.99999987E-02
   5.00000000     -0.109999999    
   6.00000000      -7.99999982E-02
   7.00000000     -0.129999995    
   8.00000000     -0.180000007    
   9.00000000     -0.250000000    
   10.0000000     -0.319999993    
   11.0000000     -0.200000003    
   12.0000000     -0.270000011    
   13.0000000     -0.109999999    
   14.0000000      -5.00000007E-02
   15.0000000     -0.219999999    
   16.0000000     -0.270000011    
   17.0000000     -0.289999992    
   18.0000000     -0.300000012    
   19.0000000     -0.270000011    
   20.0000000     -0.289999992    
   21.0000000     -0.280000001    
   22.0000000     -0.319999993    
   23.0000000     -0.349999994    
   24.0000000     -0.370000005    
   25.0000000     -0.239999995    
   26.0000000      -9.00000036E-02
   27.0000000     -0.250000000    
   28.0000000     -0.360000014    
   29.0000000     -0.409999996    
   30.0000000     -0.379999995    
   31.0000000     -0.389999986    
   32.0000000     -0.439999998    
   33.0000000     -0.460000008    
   34.0000000     -0.509999990    
   35.0000000     -0.479999989    
   36.0000000     -0.469999999    
   37.0000000     -0.600000024    
   38.0000000     -0.569999993    
   39.0000000     -0.569999993    
   40.0000000     -0.490000010    
   41.0000000     -0.449999988    
   42.0000000     -0.449999988    
   43.0000000     -0.500000000    
   44.0000000     -0.439999998    
   45.0000000     -0.479999989    
   46.0000000     -0.419999987    
   47.0000000     -0.150000006    
   48.0000000     -0.289999992    
   49.0000000     -0.349999994    
   50.0000000     -0.620000005    
   51.0000000     -0.389999986    
   52.0000000     -0.389999986    
   53.0000000     -0.259999990    
   54.0000000     -0.239999995    
   55.0000000     -0.230000004    
   56.0000000     -0.189999998    
   57.0000000     -0.209999993    
   58.0000000     -0.250000000    
   59.0000000      -7.00000003E-02
   60.0000000      -7.99999982E-02
   61.0000000     -0.140000001    
   62.0000000     -0.230000004    
   63.0000000     -0.170000002    
   64.0000000      -5.99999987E-02
   65.0000000     -0.219999999    
   66.0000000     -0.150000006    
   67.0000000     -0.209999993    
   68.0000000     -0.230000004    
   69.0000000     -0.280000001    
   70.0000000     -0.280000001    
   71.0000000     -0.340000004    
   72.0000000     -0.150000006    
   73.0000000     -0.370000005    
   74.0000000     -0.479999989    
   75.0000000     -0.310000002    
   76.0000000     -0.360000014    
   77.0000000     -0.460000008    
   78.0000000     -0.370000005    
   79.0000000     -0.330000013    
   80.0000000     -0.319999993    
   81.0000000     -0.349999994    
   82.0000000     -0.289999992    
   83.0000000     -0.479999989    
   84.0000000     -0.419999987    
   85.0000000     -0.370000005    
   86.0000000     -0.360000014    
   87.0000000     -0.579999983    
   88.0000000     -0.439999998    
   89.0000000     -0.379999995    
   90.0000000     -0.370000005    
   91.0000000     -0.370000005    
   92.0000000     -0.449999988    
   93.0000000     -0.370000005    
   94.0000000     -0.500000000    
   95.0000000     -0.500000000    
   96.0000000     -0.409999996    
   97.0000000     -0.579999983    
   98.0000000     -0.460000008    
   99.0000000     -0.500000000    
   100.000000     -0.600000024    
   101.000000     -0.490000010    
   102.000000     -0.460000008    
   103.000000     -0.469999999    
   104.000000     -0.319999993    
   105.000000     -0.340000004    
   106.000000     -0.360000014    
   107.000000     -0.280000001    
   108.000000     -0.419999987    
   109.000000     -0.349999994    
   110.000000     -0.400000006    
   111.000000     -0.509999990    
   112.000000     -0.379999995    
   113.000000     -0.310000002    
   114.000000     -0.340000004    
   115.000000     -0.310000002    
   116.000000     -0.349999994    
   117.000000     -0.370000005    
   118.000000     -0.430000007    
   119.000000     -0.479999989    
   120.000000     -0.579999983    
   121.000000     -0.540000021    
   122.000000     -0.569999993    
   123.000000     -0.589999974    
   124.000000     -0.540000021    
   125.000000     -0.529999971    
   126.000000     -0.479999989    
   127.000000     -0.469999999    
   128.000000     -0.439999998    
   129.000000     -0.400000006    
   130.000000     -0.319999993    
   131.000000     -0.239999995    
   132.000000     -0.200000003    
   133.000000     -0.270000011    
   134.000000     -0.129999995    
   135.000000     -0.319999993    
   136.000000     -0.200000003    
   137.000000     -0.200000003    
   138.000000     -0.219999999    
   139.000000     -0.349999994    
   140.000000     -0.460000008    
   141.000000     -0.529999971    
   142.000000     -0.540000021    
   143.000000     -0.419999987    
   144.000000     -0.400000006    
   145.000000     -0.349999994    
   146.000000     -0.409999996    
   147.000000     -0.449999988    
   148.000000     -0.379999995    
   149.000000     -0.400000006    
   150.000000     -0.379999995    
   151.000000     -0.310000002    
   152.000000     -0.289999992    
   153.000000     -0.340000004    
   154.000000     -0.310000002    
   155.000000     -0.159999996    
   156.000000      -3.99999991E-02
   157.000000      0.109999999    
   158.000000     -0.119999997    
   159.000000     -0.180000007    
   160.000000     -0.250000000    
   161.000000     -0.150000006    
   162.000000     -0.189999998    
   163.000000     -0.219999999    
   164.000000     -0.200000003    
   165.000000     -0.209999993    
   166.000000     -0.100000001    
   167.000000     -0.100000001    
   168.000000      -9.00000036E-02
   169.000000     -0.150000006    
   170.000000       0.00000000    
   171.000000      -9.00000036E-02
   172.000000       2.99999993E-02
   173.000000      -5.99999987E-02
   174.000000     -0.140000001    
   175.000000      -7.00000003E-02
   176.000000     -0.109999999    
   177.000000     -0.170000002    
   178.000000     -0.230000004    
   179.000000      -2.99999993E-02
   180.000000     -0.109999999    
   181.000000     -0.129999995    
   182.000000     -0.170000002    
   183.000000     -0.280000001    
   184.000000     -0.259999990    
   185.000000     -0.319999993    
   186.000000     -0.400000006    
   187.000000     -0.330000013    
   188.000000     -0.319999993    
   189.000000     -0.330000013    
   190.000000     -0.280000001    
   191.000000     -0.439999998    
   192.000000     -0.629999995    
   193.000000     -0.529999971    
   194.000000     -0.579999983    
   195.000000     -0.629999995    
   196.000000     -0.469999999    
   197.000000     -0.569999993    
   198.000000     -0.389999986    
   199.000000     -0.200000003    
   200.000000     -0.170000002    
   201.000000     -0.109999999    
   202.000000     -0.330000013    
   203.000000     -0.219999999    
   204.000000     -0.550000012    
   205.000000     -0.330000013    
   206.000000     -0.379999995    
   207.000000     -0.310000002    
   208.000000     -0.439999998    
   209.000000     -0.460000008    
   210.000000     -0.349999994    
   211.000000     -0.300000012    
   212.000000     -0.310000002    
   213.000000     -0.200000003    
   214.000000     -0.109999999    
   215.000000     -0.129999995    
   216.000000     -0.349999994    
   217.000000     -0.239999995    
   218.000000     -0.119999997    
   219.000000     -0.230000004    
   220.000000      -5.99999987E-02
   221.000000     -0.250000000    
   222.000000     -0.280000001    
   223.000000     -0.250000000    
   224.000000     -0.300000012    
   225.000000     -0.239999995    
   226.000000     -0.239999995    
   227.000000     -0.400000006    
   228.000000     -0.409999996    
   229.000000     -0.209999993    
   230.000000     -0.330000013    
   231.000000      -9.00000036E-02
   232.000000     -0.189999998    
   233.000000     -0.170000002    
   234.000000     -0.250000000    
   235.000000     -0.239999995    
   236.000000     -0.239999995    
   237.000000     -0.180000007    
   238.000000     -0.230000004    
   239.000000     -0.230000004    
   240.000000     -0.430000007    
   241.000000      -7.99999982E-02
   242.000000     -0.180000007    
   243.000000     -0.259999990    
   244.000000     -0.209999993    
   245.000000     -0.239999995    
   246.000000     -0.159999996    
   247.000000     -0.129999995    
   248.000000     -0.219999999    
   249.000000     -0.140000001    
   250.000000      -5.99999987E-02
   251.000000     -0.170000002    
   252.000000     -0.100000001    
   253.000000     -0.310000002    
   254.000000     -0.319999993    
   255.000000     -0.109999999    
   256.000000     -0.159999996    
   257.000000     -0.310000002    
   258.000000     -0.270000011    
   259.000000     -0.250000000    
   260.000000     -0.300000012    
   261.000000     -0.319999993    
   262.000000     -0.280000001    
   263.000000     -0.159999996    
   264.000000     -0.200000003    
   265.000000     -0.239999995    
   266.000000     -0.430000007    
   267.000000     -0.330000013    
   268.000000     -0.389999986    
   269.000000     -0.280000001    
   270.000000     -0.239999995    
   271.000000     -0.300000012    
   272.000000     -0.330000013    
   273.000000     -0.289999992    
   274.000000     -0.189999998    
   275.000000      -2.99999993E-02
   276.000000      -9.99999978E-03
   277.000000     -0.219999999    
   278.000000     -0.189999998    
   279.000000      -9.00000036E-02
   280.000000     -0.230000004    
   281.000000     -0.150000006    
   282.000000     -0.200000003    
   283.000000     -0.230000004    
   284.000000     -0.310000002    
   285.000000     -0.289999992    
   286.000000     -0.310000002    
   287.000000     -0.289999992    
   288.000000     -0.409999996    
   289.000000     -0.409999996    
   290.000000     -0.389999986    
   291.000000     -0.239999995    
   292.000000     -0.180000007    
   293.000000     -0.219999999    
   294.000000     -0.239999995    
   295.000000     -0.209999993    
   296.000000     -0.159999996    
   297.000000     -0.140000001    
   298.000000     -0.170000002    
   299.000000       5.00000007E-02
   300.000000      0.109999999    
   301.000000      0.129999995    
   302.000000       2.99999993E-02
   303.000000       5.99999987E-02
   304.000000     -0.129999995    
   305.000000     -0.119999997    
   306.000000     -0.109999999    
   307.000000     -0.189999998    
   308.000000     -0.100000001    
   309.000000     -0.109999999    
   310.000000      -7.99999982E-02
   311.000000      -7.00000003E-02
   312.000000     -0.219999999    
   313.000000     -0.230000004    
   314.000000     -0.200000003    
   315.000000     -0.300000012    
   316.000000     -0.250000000    
   317.000000     -0.219999999    
   318.000000     -0.189999998    
   319.000000     -0.129999995    
   320.000000     -0.159999996    
   321.000000      -7.00000003E-02
   322.000000       9.99999978E-03
   323.000000      -5.00000007E-02
   324.000000     -0.280000001    
   325.000000      -7.99999982E-02
   326.000000     -0.159999996    
   327.000000     -0.259999990    
   328.000000     -0.239999995    
   329.000000     -0.209999993    
   330.000000     -0.270000011    
   331.000000     -0.159999996    
   332.000000     -0.200000003    
   333.000000     -0.170000002    
   334.000000     -0.159999996    
   335.000000      -9.00000036E-02
   336.000000     -0.170000002    
   337.000000     -0.490000010    
   338.000000     -0.569999993    
   339.000000     -0.310000002    
   340.000000     -0.330000013    
   341.000000     -0.319999993    
   342.000000     -0.349999994    
   343.000000     -0.330000013    
   344.000000     -0.239999995    
   345.000000     -0.219999999    
   346.000000     -0.140000001    
   347.000000     -0.109999999    
   348.000000     -0.529999971    
   349.000000     -0.340000004    
   350.000000     -0.239999995    
   351.000000      -7.99999982E-02
   352.000000     -0.209999993    
   353.000000     -0.180000007    
   354.000000     -0.129999995    
   355.000000      -9.00000036E-02
   356.000000      -9.00000036E-02
   357.000000     -0.100000001    
   358.000000      -1.99999996E-02
   359.000000      0.159999996    
   360.000000       9.99999978E-03
   361.000000      -2.99999993E-02
   362.000000     -0.219999999    
   363.000000      -9.99999978E-03
   364.000000     -0.129999995    
   365.000000     -0.140000001    
   366.000000      -1.99999996E-02
   367.000000      -9.99999978E-03
   368.000000       1.99999996E-02
   369.000000       9.99999978E-03
   370.000000       3.99999991E-02
   371.000000     -0.119999997    
   372.000000      -7.99999982E-02
   373.000000      0.150000006    
   374.000000     -0.170000002    
   375.000000     -0.189999998    
   376.000000      -2.99999993E-02
   377.000000     -0.159999996    
   378.000000     -0.189999998    
   379.000000     -0.150000006    
   380.000000     -0.189999998    
   381.000000      -7.99999982E-02
   382.000000      -9.00000036E-02
   383.000000     -0.209999993    
   384.000000     -0.219999999    
   385.000000     -0.280000001    
   386.000000     -0.319999993    
   387.000000     -0.270000011    
   388.000000     -0.209999993    
   389.000000     -0.230000004    
   390.000000     -0.250000000    
   391.000000     -0.200000003    
   392.000000     -0.209999993    
   393.000000     -0.250000000    
   394.000000     -0.200000003    
   395.000000     -0.239999995    
   396.000000     -0.400000006    
   397.000000     -0.300000012    
   398.000000      -7.99999982E-02
   399.000000     -0.319999993    
   400.000000     -0.270000011    
   401.000000      -5.99999987E-02
   402.000000      -2.99999993E-02
   403.000000      -7.00000003E-02
   404.000000      -3.99999991E-02
   405.000000     -0.119999997    
   406.000000      -2.99999993E-02
   407.000000       2.99999993E-02
   408.000000      -1.99999996E-02
   409.000000     -0.280000001    
   410.000000      0.170000002    
   411.000000     -0.159999996    
   412.000000     -0.289999992    
   413.000000     -0.219999999    
   414.000000     -0.189999998    
   415.000000     -0.150000006    
   416.000000     -0.150000006    
   417.000000     -0.129999995    
   418.000000      -2.99999993E-02
   419.000000     -0.259999990    
   420.000000     -0.150000006    
   421.000000     -0.270000011    
   422.000000     -0.300000012    
   423.000000     -0.170000002    
   424.000000     -0.170000002    
   425.000000     -0.109999999    
   426.000000     -0.140000001    
   427.000000      -5.00000007E-02
   428.000000      -7.99999982E-02
   429.000000      -7.00000003E-02
   430.000000      -9.99999978E-03
   431.000000      -9.99999978E-03
   432.000000       0.00000000    
   433.000000     -0.180000007    
   434.000000       2.99999993E-02
   435.000000     -0.180000007    
   436.000000     -0.129999995    
   437.000000      -1.99999996E-02
   438.000000       2.99999993E-02
   439.000000       0.00000000    
   440.000000       7.99999982E-02
   441.000000      0.140000001    
   442.000000      0.100000001    
   443.000000       7.99999982E-02
   444.000000      -7.00000003E-02
   445.000000       1.99999996E-02
   446.000000      -9.99999978E-03
   447.000000       3.99999991E-02
   448.000000       7.99999982E-02
   449.000000      -2.99999993E-02
   450.000000     -0.109999999    
   451.000000      -7.00000003E-02
   452.000000      -5.00000007E-02
   453.000000       9.99999978E-03
   454.000000       7.99999982E-02
   455.000000       1.99999996E-02
   456.000000     -0.200000003    
   457.000000     -0.109999999    
   458.000000      -9.00000036E-02
   459.000000     -0.170000002    
   460.000000     -0.100000001    
   461.000000      -1.99999996E-02
   462.000000       0.00000000    
   463.000000      -9.99999978E-03
   464.000000       5.00000007E-02
   465.000000       9.99999978E-03
   466.000000       0.00000000    
   467.000000       9.00000036E-02
   468.000000      0.500000000    
   469.000000       9.99999978E-03
   470.000000      0.129999995    
   471.000000      0.100000001    
   472.000000      0.189999998    
   473.000000      0.140000001    
   474.000000      0.129999995    
   475.000000      0.159999996    
   476.000000      0.140000001    
   477.000000      0.200000003    
   478.000000      0.159999996    
   479.000000      0.209999993    
   480.000000      0.349999994    
   481.000000      0.270000011    
   482.000000      0.340000004    
   483.000000      0.180000007    
   484.000000      0.280000001    
   485.000000      0.280000001    
   486.000000      0.250000000    
   487.000000      0.280000001    
   488.000000      0.239999995    
   489.000000      0.140000001    
   490.000000      0.419999987    
   491.000000      0.319999993    
   492.000000      0.259999990    
   493.000000      0.289999992    
   494.000000       5.99999987E-02
   495.000000      0.140000001    
   496.000000      0.159999996    
   497.000000      0.140000001    
   498.000000      0.159999996    
   499.000000       2.99999993E-02
   500.000000       0.00000000    
   501.000000       3.99999991E-02
   502.000000       7.00000003E-02
   503.000000       9.00000036E-02
   504.000000      0.109999999    
   505.000000      -2.99999993E-02
   506.000000      0.109999999    
   507.000000      -2.99999993E-02
   508.000000      0.109999999    
   509.000000      0.100000001    
   510.000000      -1.99999996E-02
   511.000000      0.100000001    
   512.000000       7.00000003E-02
   513.000000      0.100000001    
   514.000000      0.259999990    
   515.000000      0.200000003    
   516.000000      0.300000012    
   517.000000      0.400000006    
   518.000000      0.280000001    
   519.000000      0.349999994    
   520.000000      0.250000000    
   521.000000      0.250000000    
   522.000000      0.310000002    
   523.000000      0.310000002    
   524.000000      0.270000011    
   525.000000      0.370000005    
   526.000000      0.319999993    
   527.000000      0.140000001    
   528.000000      0.129999995    
   529.000000      0.170000002    
   530.000000       5.99999987E-02
   531.000000      0.100000001    
   532.000000      0.289999992    
   533.000000      0.180000007    
   534.000000      0.140000001    
   535.000000      0.140000001    
   536.000000      0.360000014    
   537.000000      0.270000011    
   538.000000      0.280000001    
   539.000000      0.189999998    
   540.000000      -9.99999978E-03
   541.000000      0.250000000    
   542.000000      0.140000001    
   543.000000       2.99999993E-02
   544.000000      0.159999996    
   545.000000      -1.99999996E-02
   546.000000     -0.140000001    
   547.000000      -7.00000003E-02
   548.000000     -0.109999999    
   549.000000      -1.99999996E-02
   550.000000       0.00000000    
   551.000000      -2.99999993E-02
   552.000000     -0.280000001    
   553.000000     -0.159999996    
   554.000000      -7.00000003E-02
   555.000000       2.99999993E-02
   556.000000       5.99999987E-02
   557.000000      -9.99999978E-03
   558.000000       2.99999993E-02
   559.000000      -2.99999993E-02
   560.000000      -7.00000003E-02
   561.000000     -0.109999999    
   562.000000       5.99999987E-02
   563.000000       0.00000000    
   564.000000     -0.129999995    
   565.000000       7.00000003E-02
   566.000000      -9.00000036E-02
   567.000000     -0.180000007    
   568.000000      -5.00000007E-02
   569.000000       7.00000003E-02
   570.000000       0.00000000    
   571.000000      -5.00000007E-02
   572.000000      -3.99999991E-02
   573.000000     -0.100000001    
   574.000000      -5.99999987E-02
   575.000000      -7.00000003E-02
   576.000000     -0.109999999    
   577.000000      0.119999997    
   578.000000     -0.140000001    
   579.000000      -5.00000007E-02
   580.000000      -1.99999996E-02
   581.000000      -1.99999996E-02
   582.000000     -0.170000002    
   583.000000      -9.00000036E-02
   584.000000      -7.00000003E-02
   585.000000     -0.109999999    
   586.000000      -5.99999987E-02
   587.000000      -7.99999982E-02
   588.000000     -0.180000007    
   589.000000     -0.289999992    
   590.000000     -0.230000004    
   591.000000     -0.100000001    
   592.000000     -0.180000007    
   593.000000      -3.99999991E-02
   594.000000      -3.99999991E-02
   595.000000      -9.00000036E-02
   596.000000     -0.129999995    
   597.000000      -7.99999982E-02
   598.000000     -0.159999996    
   599.000000     -0.340000004    
   600.000000     -0.150000006    
   601.000000     -0.280000001    
   602.000000     -0.389999986    
   603.000000     -0.150000006    
   604.000000      -7.99999982E-02
   605.000000       7.00000003E-02
   606.000000       5.00000007E-02
   607.000000      0.109999999    
   608.000000      0.119999997    
   609.000000      0.170000002    
   610.000000      0.129999995    
   611.000000       2.99999993E-02
   612.000000      0.219999999    
   613.000000      0.129999995    
   614.000000      0.109999999    
   615.000000      -9.99999978E-03
   616.000000       7.99999982E-02
   617.000000       5.00000007E-02
   618.000000       5.00000007E-02
   619.000000       7.00000003E-02
   620.000000       7.00000003E-02
   621.000000      0.109999999    
   622.000000       9.99999978E-03
   623.000000     -0.150000006    
   624.000000       1.99999996E-02
   625.000000       9.00000036E-02
   626.000000      0.180000007    
   627.000000      0.200000003    
   628.000000      0.239999995    
   629.000000      0.180000007    
   630.000000      0.180000007    
   631.000000      0.109999999    
   632.000000      0.109999999    
   633.000000      0.100000001    
   634.000000      0.119999997    
   635.000000      -1.99999996E-02
   636.000000       9.00000036E-02
   637.000000     -0.200000003    
   638.000000      -5.99999987E-02
   639.000000      -9.00000036E-02
   640.000000     -0.129999995    
   641.000000     -0.170000002    
   642.000000     -0.100000001    
   643.000000     -0.129999995    
   644.000000      -9.00000036E-02
   645.000000      -5.00000007E-02
   646.000000      -5.00000007E-02
   647.000000       5.00000007E-02
   648.000000     -0.180000007    
   649.000000      0.140000001    
   650.000000     -0.100000001    
   651.000000     -0.300000012    
   652.000000     -0.230000004    
   653.000000     -0.140000001    
   654.000000     -0.109999999    
   655.000000     -0.109999999    
   656.000000      -1.99999996E-02
   657.000000      -7.99999982E-02
   658.000000     -0.119999997    
   659.000000     -0.230000004    
   660.000000     -0.259999990    
   661.000000     -0.140000001    
   662.000000     -0.239999995    
   663.000000     -0.180000007    
   664.000000     -0.270000011    
   665.000000     -0.239999995    
   666.000000     -0.140000001    
   667.000000     -0.119999997    
   668.000000     -0.170000002    
   669.000000     -0.209999993    
   670.000000     -0.189999998    
   671.000000     -0.159999996    
   672.000000     -0.119999997    
   673.000000      -9.00000036E-02
   674.000000      -7.00000003E-02
   675.000000      -5.00000007E-02
   676.000000       1.99999996E-02
   677.000000      0.129999995    
   678.000000      0.170000002    
   679.000000      0.100000001    
   680.000000      0.159999996    
   681.000000      0.129999995    
   682.000000       2.99999993E-02
   683.000000      0.109999999    
   684.000000      0.209999993    
   685.000000      0.319999993    
   686.000000      0.219999999    
   687.000000      0.150000006    
   688.000000      0.100000001    
   689.000000       9.00000036E-02
   690.000000       7.99999982E-02
   691.000000       9.00000036E-02
   692.000000       9.00000036E-02
   693.000000       5.00000007E-02
   694.000000       7.00000003E-02
   695.000000       7.00000003E-02
   696.000000      0.150000006    
   697.000000      0.150000006    
   698.000000       7.99999982E-02
   699.000000      0.209999993    
   700.000000      0.119999997    
   701.000000       5.99999987E-02
   702.000000      0.109999999    
   703.000000       7.99999982E-02
   704.000000       7.00000003E-02
   705.000000      0.109999999    
   706.000000       0.00000000    
   707.000000      -5.99999987E-02
   708.000000       9.99999978E-03
   709.000000       3.99999991E-02
   710.000000      0.209999993    
   711.000000     -0.180000007    
   712.000000      -5.99999987E-02
   713.000000      -5.00000007E-02
   714.000000       9.00000036E-02
   715.000000       5.99999987E-02
   716.000000       9.00000036E-02
   717.000000      0.109999999    
   718.000000       5.99999987E-02
   719.000000      -3.99999991E-02
   720.000000      0.270000011    
   721.000000      0.129999995    
   722.000000      0.200000003    
   723.000000      0.170000002    
   724.000000      0.150000006    
   725.000000      0.170000002    
   726.000000      0.150000006    
   727.000000       7.00000003E-02
   728.000000       5.00000007E-02
   729.000000       3.99999991E-02
   730.000000      -1.99999996E-02
   731.000000       3.99999991E-02
   732.000000      -9.99999978E-03
   733.000000      0.119999997    
   734.000000      0.170000002    
   735.000000      0.159999996    
   736.000000      0.100000001    
   737.000000       7.00000003E-02
   738.000000       3.99999991E-02
   739.000000      0.119999997    
   740.000000       7.99999982E-02
   741.000000      0.100000001    
   742.000000      0.119999997    
   743.000000       9.00000036E-02
   744.000000      0.109999999    
   745.000000       5.99999987E-02
   746.000000      0.270000011    
   747.000000      -1.99999996E-02
   748.000000       1.99999996E-02
   749.000000       2.99999993E-02
   750.000000       3.99999991E-02
   751.000000      0.129999995    
   752.000000      0.180000007    
   753.000000      0.180000007    
   754.000000      0.219999999    
   755.000000      0.209999993    
   756.000000       9.00000036E-02
   757.000000       9.99999978E-03
   758.000000      -5.99999987E-02
   759.000000     -0.159999996    
   760.000000     -0.200000003    
   761.000000      -9.00000036E-02
   762.000000      -7.00000003E-02
   763.000000      -7.99999982E-02
   764.000000     -0.159999996    
   765.000000     -0.189999998    
   766.000000     -0.250000000    
   767.000000     -0.209999993    
   768.000000     -0.250000000    
   769.000000      -7.00000003E-02
   770.000000     -0.189999998    
   771.000000      -9.00000036E-02
   772.000000     -0.180000007    
   773.000000      -7.99999982E-02
   774.000000      -3.99999991E-02
   775.000000      -7.00000003E-02
   776.000000      -5.00000007E-02
   777.000000      -2.99999993E-02
   778.000000       1.99999996E-02
   779.000000      -7.00000003E-02
   780.000000      -9.99999978E-03
   781.000000      -5.00000007E-02
   782.000000      -2.99999993E-02
   783.000000       1.99999996E-02
   784.000000      -7.00000003E-02
   785.000000      -3.99999991E-02
   786.000000       7.00000003E-02
   787.000000      0.100000001    
   788.000000       5.00000007E-02
   789.000000       1.99999996E-02
   790.000000      -7.00000003E-02
   791.000000      -2.99999993E-02
   792.000000      -7.99999982E-02
   793.000000      -9.00000036E-02
   794.000000     -0.180000007    
   795.000000       1.99999996E-02
   796.000000       0.00000000    
   797.000000      0.150000006    
   798.000000      -2.99999993E-02
   799.000000       0.00000000    
   800.000000       9.99999978E-03
   801.000000      -2.99999993E-02
   802.000000      0.150000006    
   803.000000      -9.99999978E-03
   804.000000      -2.99999993E-02
   805.000000     -0.200000003    
   806.000000     -0.119999997    
   807.000000      0.150000006    
   808.000000      -7.00000003E-02
   809.000000      -9.00000036E-02
   810.000000      -2.99999993E-02
   811.000000      -1.99999996E-02
   812.000000       9.99999978E-03
   813.000000       0.00000000    
   814.000000       5.00000007E-02
   815.000000       9.99999978E-03
   816.000000      -2.99999993E-02
   817.000000      -9.00000036E-02
   818.000000      -7.99999982E-02
   819.000000      0.119999997    
   820.000000      0.180000007    
   821.000000      0.189999998    
   822.000000       7.99999982E-02
   823.000000      0.100000001    
   824.000000      0.109999999    
   825.000000       9.00000036E-02
   826.000000       9.00000036E-02
   827.000000      0.200000003    
   828.000000      0.280000001    
   829.000000      0.140000001    
   830.000000      0.239999995    
   831.000000       5.99999987E-02
   832.000000      0.129999995    
   833.000000       5.00000007E-02
   834.000000       3.99999991E-02
   835.000000       1.99999996E-02
   836.000000       1.99999996E-02
   837.000000       3.99999991E-02
   838.000000      -1.99999996E-02
   839.000000       3.99999991E-02
   840.000000      -7.99999982E-02
   841.000000       9.99999978E-03
   842.000000     -0.189999998    
   843.000000     -0.109999999    
   844.000000     -0.100000001    
   845.000000      -7.99999982E-02
   846.000000     -0.119999997    
   847.000000      -3.99999991E-02
   848.000000      -3.99999991E-02
   849.000000      -2.99999993E-02
   850.000000      -7.99999982E-02
   851.000000       1.99999996E-02
   852.000000      -5.00000007E-02
   853.000000     -0.250000000    
   854.000000     -0.150000006    
   855.000000       2.99999993E-02
   856.000000       7.00000003E-02
   857.000000       1.99999996E-02
   858.000000       7.00000003E-02
   859.000000       7.00000003E-02
   860.000000      0.100000001    
   861.000000       2.99999993E-02
   862.000000       9.00000036E-02
   863.000000       7.99999982E-02
   864.000000      0.259999990    
   865.000000      0.280000001    
   866.000000      0.409999996    
   867.000000      0.370000005    
   868.000000      0.289999992    
   869.000000      0.230000004    
   870.000000      0.239999995    
   871.000000      0.159999996    
   872.000000      0.119999997    
   873.000000      0.100000001    
   874.000000       7.00000003E-02
   875.000000       2.99999993E-02
   876.000000       2.99999993E-02
   877.000000     -0.189999998    
   878.000000     -0.239999995    
   879.000000      -2.99999993E-02
   880.000000      -5.00000007E-02
   881.000000      -1.99999996E-02
   882.000000      -2.99999993E-02
   883.000000       1.99999996E-02
   884.000000       3.99999991E-02
   885.000000      -9.99999978E-03
   886.000000      -7.00000003E-02
   887.000000      -7.00000003E-02
   888.000000     -0.100000001    
   889.000000      0.109999999    
   890.000000       5.99999987E-02
   891.000000      0.119999997    
   892.000000       7.99999982E-02
   893.000000       7.99999982E-02
   894.000000       5.99999987E-02
   895.000000       2.99999993E-02
   896.000000      -3.99999991E-02
   897.000000       3.99999991E-02
   898.000000     -0.119999997    
   899.000000     -0.159999996    
   900.000000     -0.100000001    
   901.000000      -1.99999996E-02
   902.000000     -0.119999997    
   903.000000     -0.219999999    
   904.000000      -9.99999978E-03
   905.000000     -0.129999995    
   906.000000      -7.99999982E-02
   907.000000      -7.00000003E-02
   908.000000      -5.00000007E-02
   909.000000      -1.99999996E-02
   910.000000     -0.189999998    
   911.000000      -2.99999993E-02
   912.000000      0.100000001    
   913.000000      0.129999995    
   914.000000      0.259999990    
   915.000000      0.310000002    
   916.000000      0.289999992    
   917.000000      0.259999990    
   918.000000      0.270000011    
   919.000000      0.189999998    
   920.000000      0.150000006    
   921.000000      0.189999998    
   922.000000      0.119999997    
   923.000000      0.250000000    
   924.000000      0.109999999    
   925.000000      0.159999996    
   926.000000      0.150000006    
   927.000000      0.230000004    
   928.000000      0.129999995    
   929.000000       7.99999982E-02
   930.000000       5.00000007E-02
   931.000000       7.00000003E-02
   932.000000       9.99999978E-03
   933.000000       9.00000036E-02
   934.000000       7.00000003E-02
   935.000000      0.200000003    
   936.000000      0.140000001    
   937.000000      0.150000006    
   938.000000       5.00000007E-02
   939.000000      0.230000004    
   940.000000      0.109999999    
   941.000000      0.170000002    
   942.000000      0.209999993    
   943.000000      0.200000003    
   944.000000      0.239999995    
   945.000000      0.259999990    
   946.000000      0.289999992    
   947.000000      0.289999992    
   948.000000      0.519999981    
   949.000000      0.330000013    
   950.000000      0.389999986    
   951.000000      0.280000001    
   952.000000      0.319999993    
   953.000000      0.370000005    
   954.000000      0.259999990    
   955.000000      0.230000004    
   956.000000      0.209999993    
   957.000000      0.200000003    
   958.000000      0.180000007    
   959.000000      0.310000002    
   960.000000      0.270000011    
   961.000000      0.509999990    
   962.000000      0.400000006    
   963.000000      0.439999998    
   964.000000      0.349999994    
   965.000000      0.270000011    
   966.000000      0.300000012    
   967.000000      0.250000000    
   968.000000      0.239999995    
   969.000000      0.180000007    
   970.000000      0.180000007    
   971.000000      0.270000011    
   972.000000      0.479999989    
   973.000000      0.140000001    
   974.000000      0.189999998    
   975.000000      0.100000001    
   976.000000      0.219999999    
   977.000000      0.209999993    
   978.000000      0.140000001    
   979.000000      0.159999996    
   980.000000      0.140000001    
   981.000000      0.239999995    
   982.000000      0.180000007    
   983.000000      0.150000006    
   984.000000      0.430000007    
   985.000000      0.529999971    
   986.000000      0.490000010    
   987.000000      0.430000007    
   988.000000      0.289999992    
   989.000000      0.310000002    
   990.000000      0.300000012    
   991.000000      0.300000012    
   992.000000      0.360000014    
   993.000000      0.340000004    
   994.000000      0.239999995    
   995.000000      0.439999998    
   996.000000      0.270000011    
   997.000000      0.289999992    
   998.000000      0.180000007    
   999.000000      0.300000012    
   1000.00000      0.140000001    
   1001.00000      0.310000002    
   1002.00000      0.140000001    
   1003.00000      0.150000006    
   1004.00000      0.189999998    
   1005.00000      0.180000007    
   1006.00000      0.140000001    
   1007.00000       5.99999987E-02
   1008.00000      -7.99999982E-02
   1009.00000      0.219999999    
   1010.00000       5.99999987E-02
   1011.00000      0.200000003    
   1012.00000      0.150000006    
   1013.00000      0.209999993    
   1014.00000      0.150000006    
   1015.00000      0.100000001    
   1016.00000      0.159999996    
   1017.00000      0.140000001    
   1018.00000      0.150000006    
   1019.00000      0.129999995    
   1020.00000      0.219999999    
   1021.00000      0.310000002    
   1022.00000      0.300000012    
   1023.00000      0.300000012    
   1024.00000      0.259999990    
   1025.00000      0.270000011    
   1026.00000      0.239999995    
   1027.00000      0.170000002    
   1028.00000      0.200000003    
   1029.00000      0.180000007    
   1030.00000      0.219999999    
   1031.00000      0.159999996    
   1032.00000      0.219999999    
   1033.00000      0.319999993    
   1034.00000      0.500000000    
   1035.00000      0.270000011    
   1036.00000      0.300000012    
   1037.00000      0.360000014    
   1038.00000      0.330000013    
   1039.00000      0.430000007    
   1040.00000      0.400000006    
   1041.00000      0.449999988    
   1042.00000      0.349999994    
   1043.00000      0.349999994    
   1044.00000      0.529999971    
   1045.00000      0.560000002    
   1046.00000      0.439999998    
   1047.00000      0.529999971    
   1048.00000      0.460000008    
   1049.00000      0.409999996    
   1050.00000      0.400000006    
   1051.00000      0.370000005    
   1052.00000      0.340000004    
   1053.00000      0.340000004    
   1054.00000      0.310000002    
   1055.00000      0.200000003    
   1056.00000      0.340000004    
   1057.00000      0.170000002    
   1058.00000      0.300000012    
   1059.00000      0.349999994    
   1060.00000      0.289999992    
   1061.00000      0.280000001    
   1062.00000      0.259999990    
   1063.00000      0.319999993    
   1064.00000      0.319999993    
   1065.00000      0.310000002    
   1066.00000      0.289999992    
   1067.00000      0.230000004    
   1068.00000      0.400000006    
   1069.00000      0.360000014    
   1070.00000      0.409999996    
   1071.00000      0.759999990    
   1072.00000      0.529999971    
   1073.00000      0.469999999    
   1074.00000      0.419999987    
   1075.00000      0.389999986    
   1076.00000      0.389999986    
   1077.00000      0.330000013    
   1078.00000      0.430000007    
   1079.00000      0.469999999    
   1080.00000      0.419999987    
   1081.00000      0.430000007    
   1082.00000      0.460000008    
   1083.00000      0.360000014    
   1084.00000      0.519999981    
   1085.00000      0.400000006    
   1086.00000      0.490000010    
   1087.00000      0.419999987    
   1088.00000      0.370000005    
   1089.00000      0.349999994    
   1090.00000      0.289999992    
   1091.00000      0.300000012    
   1092.00000      0.280000001    
   1093.00000      0.460000008    
   1094.00000      0.430000007    
   1095.00000      0.439999998    
   1096.00000      0.310000002    
   1097.00000      0.319999993    
   1098.00000      0.270000011    
   1099.00000      0.109999999    
   1100.00000      0.109999999    
   1101.00000       5.00000007E-02
   1102.00000       5.00000007E-02
   1103.00000       3.99999991E-02
   1104.00000      0.250000000    
   1105.00000      0.360000014    
   1106.00000      0.379999995    
   1107.00000      0.409999996    
   1108.00000      0.310000002    
   1109.00000      0.349999994    
   1110.00000      0.330000013    
   1111.00000      0.270000011    
   1112.00000      0.219999999    
   1113.00000      0.180000007    
   1114.00000      0.219999999    
   1115.00000       7.00000003E-02
   1116.00000      0.270000011    
   1117.00000      0.270000011    
   1118.00000       7.99999982E-02
   1119.00000      0.379999995    
   1120.00000      0.360000014    
   1121.00000      0.400000006    
   1122.00000      0.400000006    
   1123.00000      0.310000002    
   1124.00000      0.300000012    
   1125.00000      0.330000013    
   1126.00000      0.419999987    
   1127.00000      0.460000008    
   1128.00000      0.419999987    
   1129.00000      0.560000002    
   1130.00000      0.730000019    
   1131.00000      0.500000000    
   1132.00000      0.449999988    
   1133.00000      0.370000005    
   1134.00000      0.460000008    
   1135.00000      0.419999987    
   1136.00000      0.500000000    
   1137.00000      0.400000006    
   1138.00000      0.439999998    
   1139.00000      0.449999988    
   1140.00000      0.330000013    
   1141.00000      0.250000000    
   1142.00000      0.460000008    
   1143.00000      0.349999994    
   1144.00000      0.259999990    
   1145.00000      0.389999986    
   1146.00000      0.340000004    
   1147.00000      0.330000013    
   1148.00000      0.340000004    
   1149.00000      0.250000000    
   1150.00000      0.209999993    
   1151.00000      0.289999992    
   1152.00000      0.379999995    
   1153.00000      0.340000004    
   1154.00000      0.439999998    
   1155.00000      0.500000000    
   1156.00000      0.419999987    
   1157.00000      0.419999987    
   1158.00000      0.529999971    
   1159.00000      0.500000000    
   1160.00000      0.550000012    
   1161.00000      0.610000014    
   1162.00000      0.639999986    
   1163.00000      0.579999983    
   1164.00000      0.629999995    
   1165.00000      0.600000024    
   1166.00000      0.870000005    
   1167.00000      0.670000017    
   1168.00000      0.759999990    
   1169.00000      0.699999988    
   1170.00000      0.730000019    
   1171.00000      0.740000010    
   1172.00000      0.709999979    
   1173.00000      0.529999971    
   1174.00000      0.479999989    
   1175.00000      0.419999987    
   1176.00000      0.589999974    
   1177.00000      0.509999990    
   1178.00000      0.699999988    
   1179.00000      0.400000006    
   1180.00000      0.469999999    
   1181.00000      0.400000006    
   1182.00000      0.409999996    
   1183.00000      0.400000006    
   1184.00000      0.360000014    
   1185.00000      0.389999986    
   1186.00000      0.340000004    
   1187.00000      0.349999994    
   1188.00000      0.529999971    
   1189.00000      0.340000004    
   1190.00000      0.560000002    
   1191.00000      0.550000012    
   1192.00000      0.629999995    
   1193.00000      0.430000007    
   1194.00000      0.389999986    
   1195.00000      0.400000006    
   1196.00000      0.460000008    
   1197.00000      0.419999987    
   1198.00000      0.319999993    
   1199.00000      0.259999990    
   1200.00000      0.330000013    
