           1 -0.419999987    
           2 -0.230000004    
           3  0.159999996    
           4   5.99999987E-02
           5  -9.00000036E-02
           6   5.99999987E-02
           7   7.00000003E-02
           8   0.00000000    
           9 -0.189999998    
          10 -0.460000008    
          11 -0.119999997    
          12 -0.400000006    
          13  0.170000002    
          14  0.419999987    
          15 -0.270000011    
          16 -0.550000012    
          17 -0.330000013    
          18 -0.280000001    
          19 -0.230000004    
          20 -0.289999992    
          21 -0.280000001    
          22 -0.550000012    
          23 -0.750000000    
          24 -0.829999983    
          25 -0.189999998    
          26  0.289999992    
          27 -0.270000011    
          28 -0.479999989    
          29 -0.540000021    
          30 -0.460000008    
          31 -0.389999986    
          32 -0.370000005    
          33 -0.409999996    
          34 -0.660000026    
          35 -0.560000002    
          36 -0.639999986    
          37 -0.879999995    
          38 -0.660000026    
          39 -0.750000000    
          40 -0.579999983    
          41 -0.300000012    
          42 -0.379999995    
          43 -0.509999990    
          44 -0.349999994    
          45 -0.519999981    
          46 -0.519999981    
          47  0.379999995    
          48  -9.00000036E-02
          49 -0.300000012    
          50  -1.32000005    
          51 -0.709999979    
          52 -0.699999988    
          53 -0.259999990    
          54 -0.230000004    
          55 -0.209999993    
          56 -0.159999996    
          57 -0.140000001    
          58 -0.259999990    
          59  0.270000011    
          60   7.99999982E-02
          61 -0.250000000    
          62 -0.610000014    
          63 -0.280000001    
          64  0.209999993    
          65   3.99999991E-02
          66   3.99999991E-02
          67 -0.150000006    
          68 -0.159999996    
          69 -0.230000004    
          70 -0.230000004    
          71 -0.509999990    
          72  0.140000001    
          73 -0.660000026    
          74 -0.879999995    
          75 -0.529999971    
          76 -0.779999971    
          77 -0.889999986    
          78 -0.649999976    
          79 -0.460000008    
          80 -0.379999995    
          81 -0.360000014    
          82 -0.239999995    
          83 -0.819999993    
          84 -0.629999995    
          85 -0.319999993    
          86 -0.419999987    
          87  -1.03999996    
          88 -0.579999983    
          89 -0.239999995    
          90 -0.250000000    
          91 -0.180000007    
          92 -0.409999996    
          93 -0.140000001    
          94 -0.529999971    
          95 -0.639999986    
          96 -0.349999994    
          97 -0.949999988    
          98 -0.500000000    
          99 -0.639999986    
         100 -0.939999998    
         101 -0.639999986    
         102 -0.419999987    
         103 -0.379999995    
         104 -0.109999999    
         105 -0.170000002    
         106 -0.170000002    
         107  0.250000000    
         108 -0.270000011    
         109 -0.159999996    
         110 -0.360000014    
         111 -0.560000002    
         112 -0.219999999    
         113 -0.230000004    
         114 -0.219999999    
         115  -1.99999996E-02
         116 -0.170000002    
         117 -0.319999993    
         118 -0.469999999    
         119 -0.610000014    
         120 -0.819999993    
         121 -0.790000021    
         122 -0.740000010    
         123 -0.860000014    
         124 -0.579999983    
         125 -0.479999989    
         126 -0.439999998    
         127 -0.400000006    
         128 -0.400000006    
         129 -0.400000006    
         130 -0.289999992    
         131 -0.189999998    
         132 -0.259999990    
         133 -0.419999987    
         134  -5.00000007E-02
         135 -0.819999993    
         136 -0.319999993    
         137 -0.150000006    
         138 -0.119999997    
         139 -0.529999971    
         140 -0.649999976    
         141 -0.750000000    
         142 -0.930000007    
         143 -0.509999990    
         144 -0.529999971    
         145 -0.500000000    
         146 -0.790000021    
         147 -0.769999981    
         148 -0.379999995    
         149 -0.560000002    
         150 -0.419999987    
         151 -0.180000007    
         152 -0.119999997    
         153 -0.280000001    
         154 -0.349999994    
         155  0.119999997    
         156  0.430000007    
         157  0.819999993    
         158   5.00000007E-02
         159 -0.180000007    
         160 -0.300000012    
         161   7.00000003E-02
         162   0.00000000    
         163 -0.219999999    
         164 -0.259999990    
         165 -0.189999998    
         166  -7.00000003E-02
         167 -0.239999995    
         168 -0.219999999    
         169 -0.300000012    
         170   9.00000036E-02
         171 -0.200000003    
         172  0.200000003    
         173   2.99999993E-02
         174 -0.189999998    
         175   9.99999978E-03
         176 -0.109999999    
         177 -0.259999990    
         178 -0.469999999    
         179  0.159999996    
         180   9.99999978E-03
         181 -0.170000002    
         182 -0.280000001    
         183 -0.600000024    
         184 -0.349999994    
         185 -0.379999995    
         186 -0.560000002    
         187 -0.349999994    
         188 -0.419999987    
         189 -0.400000006    
         190 -0.400000006    
         191 -0.560000002    
         192  -1.17999995    
         193 -0.519999981    
         194 -0.889999986    
         195  -1.00000000    
         196 -0.639999986    
         197 -0.949999988    
         198 -0.560000002    
         199 -0.239999995    
         200 -0.360000014    
         201 -0.280000001    
         202 -0.699999988    
         203 -0.150000006    
         204  -1.27999997    
         205 -0.639999986    
         206 -0.649999976    
         207 -0.449999988    
         208 -0.759999990    
         209 -0.790000021    
         210 -0.479999989    
         211 -0.409999996    
         212 -0.409999996    
         213 -0.209999993    
         214  -1.99999996E-02
         215 -0.330000013    
         216 -0.879999995    
         217 -0.610000014    
         218 -0.209999993    
         219 -0.529999971    
         220   7.00000003E-02
         221 -0.430000007    
         222 -0.270000011    
         223 -0.119999997    
         224 -0.189999998    
         225 -0.200000003    
         226 -0.250000000    
         227 -0.670000017    
         228 -0.560000002    
         229  -5.99999987E-02
         230 -0.639999986    
         231  -5.00000007E-02
         232 -0.250000000    
         233 -0.159999996    
         234 -0.389999986    
         235 -0.189999998    
         236 -0.289999992    
         237 -0.300000012    
         238 -0.419999987    
         239 -0.469999999    
         240  -1.04999995    
         241  0.209999993    
         242 -0.150000006    
         243 -0.250000000    
         244 -0.150000006    
         245 -0.140000001    
         246  -9.99999978E-03
         247  -5.99999987E-02
         248 -0.419999987    
         249 -0.230000004    
         250 -0.189999998    
         251 -0.349999994    
         252  -5.00000007E-02
         253 -0.660000026    
         254 -0.709999979    
         255 -0.109999999    
         256  -2.99999993E-02
         257 -0.259999990    
         258 -0.119999997    
         259 -0.170000002    
         260 -0.319999993    
         261 -0.340000004    
         262 -0.330000013    
         263  -3.99999991E-02
         264 -0.170000002    
         265 -0.129999995    
         266 -0.740000010    
         267 -0.409999996    
         268 -0.800000012    
         269 -0.449999988    
         270 -0.219999999    
         271 -0.409999996    
         272 -0.379999995    
         273 -0.270000011    
         274  -5.00000007E-02
         275  0.189999998    
         276   7.99999982E-02
         277 -0.509999990    
         278 -0.319999993    
         279  -7.99999982E-02
         280 -0.500000000    
         281 -0.239999995    
         282 -0.200000003    
         283 -0.140000001    
         284 -0.280000001    
         285 -0.180000007    
         286 -0.259999990    
         287   5.00000007E-02
         288 -0.430000007    
         289 -0.500000000    
         290 -0.529999971    
         291 -0.140000001    
         292   1.99999996E-02
         293 -0.259999990    
         294 -0.360000014    
         295 -0.340000004    
         296 -0.159999996    
         297 -0.100000001    
         298 -0.310000002    
         299  0.239999995    
         300  0.529999971    
         301  0.540000021    
         302  0.389999986    
         303  0.389999986    
         304 -0.340000004    
         305 -0.319999993    
         306 -0.150000006    
         307 -0.289999992    
         308  -7.99999982E-02
         309  -7.99999982E-02
         310   5.99999987E-02
         311   5.99999987E-02
         312 -0.439999998    
         313 -0.500000000    
         314 -0.289999992    
         315 -0.569999993    
         316 -0.430000007    
         317 -0.300000012    
         318 -0.170000002    
         319  -7.00000003E-02
         320 -0.239999995    
         321  0.150000006    
         322  0.349999994    
         323   7.99999982E-02
         324 -0.629999995    
         325   7.00000003E-02
         326 -0.150000006    
         327 -0.479999989    
         328 -0.330000013    
         329 -0.180000007    
         330 -0.340000004    
         331 -0.150000006    
         332 -0.189999998    
         333  -9.00000036E-02
         334  -2.99999993E-02
         335  0.200000003    
         336   1.99999996E-02
         337 -0.939999998    
         338  -1.20000005    
         339 -0.239999995    
         340 -0.389999986    
         341 -0.340000004    
         342 -0.509999990    
         343 -0.469999999    
         344 -0.239999995    
         345 -0.250000000    
         346   2.99999993E-02
         347   7.99999982E-02
         348  -1.28999996    
         349 -0.600000024    
         350 -0.230000004    
         351  0.200000003    
         352 -0.310000002    
         353 -0.259999990    
         354 -0.109999999    
         355   1.99999996E-02
         356   0.00000000    
         357 -0.280000001    
         358 -0.140000001    
         359  0.370000005    
         360   1.99999996E-02
         361  -5.99999987E-02
         362 -0.620000005    
         363   0.00000000    
         364 -0.250000000    
         365 -0.330000013    
         366   5.00000007E-02
         367  0.180000007    
         368  0.189999998    
         369  0.209999993    
         370  0.419999987    
         371  -9.99999978E-03
         372  0.129999995    
         373  0.839999974    
         374 -0.360000014    
         375 -0.439999998    
         376  0.300000012    
         377 -0.189999998    
         378 -0.150000006    
         379  -9.99999978E-03
         380 -0.129999995    
         381  0.170000002    
         382  0.209999993    
         383 -0.250000000    
         384 -0.289999992    
         385 -0.569999993    
         386 -0.709999979    
         387 -0.449999988    
         388 -0.319999993    
         389 -0.250000000    
         390 -0.289999992    
         391 -0.140000001    
         392 -0.150000006    
         393 -0.289999992    
         394 -0.119999997    
         395 -0.119999997    
         396 -0.689999998    
         397 -0.379999995    
         398  0.439999998    
         399 -0.460000008    
         400 -0.439999998    
         401  0.230000004    
         402  -1.99999996E-02
         403  -5.00000007E-02
         404  -5.00000007E-02
         405 -0.349999994    
         406   2.99999993E-02
         407  0.270000011    
         408  0.129999995    
         409 -0.550000012    
         410  0.920000017    
         411   3.99999991E-02
         412 -0.639999986    
         413 -0.340000004    
         414 -0.189999998    
         415  -5.00000007E-02
         416  -9.00000036E-02
         417  -7.00000003E-02
         418  0.100000001    
         419 -0.750000000    
         420 -0.340000004    
         421 -0.579999983    
         422 -0.790000021    
         423 -0.259999990    
         424 -0.330000013    
         425  -1.99999996E-02
         426  -7.99999982E-02
         427  0.219999999    
         428   0.00000000    
         429  -7.00000003E-02
         430  0.109999999    
         431  0.159999996    
         432  0.230000004    
         433 -0.490000010    
         434  0.219999999    
         435 -0.490000010    
         436 -0.330000013    
         437   7.99999982E-02
         438  0.200000003    
         439  -2.99999993E-02
         440  0.129999995    
         441  0.280000001    
         442  0.310000002    
         443  0.189999998    
         444 -0.259999990    
         445  0.180000007    
         446  0.129999995    
         447  0.319999993    
         448  0.529999971    
         449  0.170000002    
         450 -0.109999999    
         451   3.99999991E-02
         452   7.99999982E-02
         453  0.289999992    
         454  0.340000004    
         455  0.389999986    
         456 -0.270000011    
         457  0.180000007    
         458   3.99999991E-02
         459 -0.349999994    
         460 -0.189999998    
         461  0.159999996    
         462   9.00000036E-02
         463   5.00000007E-02
         464  0.100000001    
         465  -7.99999982E-02
         466 -0.180000007    
         467   7.99999982E-02
         468   1.25000000    
         469 -0.460000008    
         470  0.100000001    
         471   5.99999987E-02
         472  0.259999990    
         473  -1.99999996E-02
         474   9.00000036E-02
         475  0.150000006    
         476   1.99999996E-02
         477  0.230000004    
         478   7.99999982E-02
         479   0.00000000    
         480  0.430000007    
         481   2.99999993E-02
         482  0.270000011    
         483  -1.99999996E-02
         484  0.189999998    
         485  0.159999996    
         486  0.200000003    
         487  0.239999995    
         488  0.180000007    
         489 -0.170000002    
         490  0.319999993    
         491 -0.140000001    
         492  -7.00000003E-02
         493  0.330000013    
         494 -0.300000012    
         495   9.99999978E-03
         496   9.99999978E-03
         497  -1.99999996E-02
         498  0.150000006    
         499  -9.00000036E-02
         500  -5.99999987E-02
         501   9.00000036E-02
         502  0.180000007    
         503  0.270000011    
         504  0.140000001    
         505 -0.379999995    
         506  0.289999992    
         507 -0.129999995    
         508  0.239999995    
         509  0.180000007    
         510 -0.280000001    
         511   0.00000000    
         512 -0.119999997    
         513   0.00000000    
         514  0.409999996    
         515  0.109999999    
         516  0.569999993    
         517  0.800000012    
         518  0.349999994    
         519  0.340000004    
         520   9.99999978E-03
         521   7.99999982E-02
         522  0.129999995    
         523  0.150000006    
         524  0.150000006    
         525  0.419999987    
         526  0.379999995    
         527  -9.00000036E-02
         528 -0.289999992    
         529 -0.180000007    
         530 -0.639999986    
         531 -0.140000001    
         532  0.239999995    
         533 -0.100000001    
         534  -5.00000007E-02
         535 -0.109999999    
         536  0.400000006    
         537  0.140000001    
         538  0.219999999    
         539  -9.99999978E-03
         540 -0.519999981    
         541  0.330000013    
         542  0.310000002    
         543 -0.100000001    
         544  0.419999987    
         545  -9.99999978E-03
         546 -0.230000004    
         547  -1.99999996E-02
         548  -1.99999996E-02
         549  -3.99999991E-02
         550  -3.99999991E-02
         551   7.99999982E-02
         552 -0.680000007    
         553 -0.300000012    
         554 -0.150000006    
         555  0.360000014    
         556  0.270000011    
         557   9.99999978E-03
         558   1.99999996E-02
         559  -7.00000003E-02
         560  -5.99999987E-02
         561   2.99999993E-02
         562  0.469999999    
         563  0.159999996    
         564 -0.129999995    
         565  0.620000005    
         566  -1.99999996E-02
         567 -0.330000013    
         568   5.00000007E-02
         569  0.209999993    
         570  0.119999997    
         571   3.99999991E-02
         572   2.99999993E-02
         573   5.00000007E-02
         574  0.129999995    
         575   5.99999987E-02
         576 -0.189999998    
         577  0.490000010    
         578 -0.400000006    
         579 -0.159999996    
         580   2.99999993E-02
         581  0.109999999    
         582 -0.200000003    
         583 -0.159999996    
         584   9.99999978E-03
         585 -0.150000006    
         586   2.99999993E-02
         587   5.99999987E-02
         588 -0.349999994    
         589 -0.769999981    
         590 -0.460000008    
         591 -0.119999997    
         592 -0.310000002    
         593  -1.99999996E-02
         594 -0.119999997    
         595 -0.289999992    
         596 -0.379999995    
         597 -0.109999999    
         598 -0.259999990    
         599 -0.829999983    
         600 -0.150000006    
         601 -0.589999974    
         602 -0.990000010    
         603 -0.250000000    
         604 -0.109999999    
         605  0.159999996    
         606 -0.119999997    
         607   1.99999996E-02
         608   9.00000036E-02
         609  0.310000002    
         610  0.180000007    
         611  -2.99999993E-02
         612  0.589999974    
         613  0.300000012    
         614   5.99999987E-02
         615 -0.319999993    
         616   3.99999991E-02
         617   2.99999993E-02
         618   0.00000000    
         619  0.129999995    
         620   3.99999991E-02
         621  0.159999996    
         622 -0.230000004    
         623 -0.730000019    
         624 -0.119999997    
         625  0.200000003    
         626  0.379999995    
         627  0.490000010    
         628  0.360000014    
         629  0.180000007    
         630  0.180000007    
         631   5.99999987E-02
         632  0.150000006    
         633  0.159999996    
         634  0.200000003    
         635 -0.230000004    
         636  0.270000011    
         637 -0.680000007    
         638 -0.209999993    
         639 -0.200000003    
         640 -0.280000001    
         641 -0.370000005    
         642  -7.00000003E-02
         643 -0.129999995    
         644   3.99999991E-02
         645   7.99999982E-02
         646  0.109999999    
         647  0.409999996    
         648 -0.230000004    
         649  0.660000026    
         650  -5.00000007E-02
         651 -0.730000019    
         652 -0.449999988    
         653 -0.100000001    
         654   9.99999978E-03
         655 -0.200000003    
         656  0.129999995    
         657  -1.99999996E-02
         658   9.00000036E-02
         659 -0.289999992    
         660 -0.439999998    
         661 -0.409999996    
         662 -0.620000005    
         663 -0.409999996    
         664 -0.509999990    
         665 -0.419999987    
         666 -0.219999999    
         667 -0.219999999    
         668 -0.400000006    
         669 -0.409999996    
         670 -0.379999995    
         671 -0.409999996    
         672 -0.400000006    
         673 -0.330000013    
         674 -0.360000014    
         675 -0.310000002    
         676 -0.270000011    
         677  -7.00000003E-02
         678  0.119999997    
         679 -0.170000002    
         680   5.00000007E-02
         681  0.129999995    
         682  -5.00000007E-02
         683  0.180000007    
         684  0.620000005    
         685  0.759999990    
         686  0.379999995    
         687  0.119999997    
         688  0.100000001    
         689  0.170000002    
         690  -7.00000003E-02
         691   5.99999987E-02
         692  -1.99999996E-02
         693 -0.140000001    
         694  -9.99999978E-03
         695  0.150000006    
         696  0.250000000    
         697  0.219999999    
         698   5.00000007E-02
         699  0.560000002    
         700  0.259999990    
         701  -7.99999982E-02
         702  0.180000007    
         703  0.100000001    
         704   3.99999991E-02
         705  0.119999997    
         706 -0.180000007    
         707 -0.340000004    
         708  -1.99999996E-02
         709   5.00000007E-02
         710  0.649999976    
         711 -0.740000010    
         712 -0.230000004    
         713 -0.430000007    
         714  0.140000001    
         715  -9.00000036E-02
         716   2.99999993E-02
         717   7.00000003E-02
         718   1.99999996E-02
         719 -0.250000000    
         720  0.649999976    
         721  0.300000012    
         722  0.400000006    
         723  0.400000006    
         724  0.180000007    
         725  0.239999995    
         726  0.159999996    
         727   0.00000000    
         728   0.00000000    
         729   1.99999996E-02
         730 -0.219999999    
         731   5.00000007E-02
         732 -0.159999996    
         733  0.349999994    
         734  0.490000010    
         735  0.330000013    
         736  0.189999998    
         737   0.00000000    
         738 -0.140000001    
         739  -1.99999996E-02
         740  -5.00000007E-02
         741   9.99999978E-03
         742  0.159999996    
         743  0.180000007    
         744  0.340000004    
         745  0.159999996    
         746  0.899999976    
         747   2.99999993E-02
         748 -0.170000002    
         749 -0.189999998    
         750 -0.109999999    
         751  0.170000002    
         752  0.209999993    
         753  0.319999993    
         754  0.600000024    
         755  0.460000008    
         756  0.129999995    
         757  0.119999997    
         758 -0.200000003    
         759 -0.300000012    
         760 -0.360000014    
         761 -0.100000001    
         762 -0.159999996    
         763 -0.150000006    
         764 -0.200000003    
         765 -0.300000012    
         766 -0.500000000    
         767 -0.159999996    
         768 -0.349999994    
         769  0.109999999    
         770 -0.379999995    
         771  -9.00000036E-02
         772 -0.419999987    
         773 -0.100000001    
         774  -7.00000003E-02
         775 -0.159999996    
         776 -0.180000007    
         777 -0.159999996    
         778  0.140000001    
         779 -0.250000000    
         780   5.00000007E-02
         781 -0.159999996    
         782  -3.99999991E-02
         783  0.109999999    
         784 -0.280000001    
         785  -2.99999993E-02
         786  0.180000007    
         787  0.170000002    
         788   9.00000036E-02
         789   9.00000036E-02
         790 -0.150000006    
         791 -0.170000002    
         792 -0.469999999    
         793 -0.209999993    
         794 -0.389999986    
         795   9.00000036E-02
         796  0.129999995    
         797  0.330000013    
         798 -0.209999993    
         799 -0.109999999    
         800 -0.119999997    
         801 -0.100000001    
         802  0.519999981    
         803   9.00000036E-02
         804  0.109999999    
         805 -0.349999994    
         806  -7.00000003E-02
         807  0.860000014    
         808  -3.99999991E-02
         809 -0.219999999    
         810 -0.230000004    
         811 -0.159999996    
         812 -0.180000007    
         813 -0.209999993    
         814 -0.119999997    
         815 -0.200000003    
         816 -0.479999989    
         817  -1.04999995    
         818 -0.879999995    
         819  -5.00000007E-02
         820  0.100000001    
         821   3.99999991E-02
         822  -3.99999991E-02
         823  0.109999999    
         824   0.00000000    
         825  -7.00000003E-02
         826  -5.00000007E-02
         827  0.400000006    
         828  0.469999999    
         829   7.00000003E-02
         830  0.560000002    
         831 -0.129999995    
         832  0.209999993    
         833   9.99999978E-03
         834  0.129999995    
         835   9.00000036E-02
         836  -1.99999996E-02
         837   2.99999993E-02
         838 -0.219999999    
         839  -1.99999996E-02
         840 -0.230000004    
         841  0.119999997    
         842 -0.370000005    
         843 -0.140000001    
         844 -0.150000006    
         845  -9.00000036E-02
         846 -0.170000002    
         847  -7.00000003E-02
         848  -3.99999991E-02
         849  0.109999999    
         850  -2.99999993E-02
         851  0.379999995    
         852  0.159999996    
         853 -0.889999986    
         854 -0.769999981    
         855   1.99999996E-02
         856   2.99999993E-02
         857  -5.99999987E-02
         858   7.00000003E-02
         859  -5.99999987E-02
         860   5.00000007E-02
         861 -0.219999999    
         862  -7.00000003E-02
         863 -0.239999995    
         864  0.150000006    
         865  0.280000001    
         866  0.810000002    
         867  0.790000021    
         868  0.500000000    
         869  0.349999994    
         870  0.469999999    
         871  0.230000004    
         872  0.140000001    
         873   5.99999987E-02
         874   9.00000036E-02
         875   9.99999978E-03
         876  0.280000001    
         877 -0.620000005    
         878 -0.649999976    
         879   9.00000036E-02
         880   9.00000036E-02
         881  -5.00000007E-02
         882  -7.99999982E-02
         883   5.99999987E-02
         884  -5.00000007E-02
         885 -0.170000002    
         886 -0.300000012    
         887 -0.230000004    
         888 -0.310000002    
         889  0.379999995    
         890  0.129999995    
         891  0.419999987    
         892  0.289999992    
         893  0.230000004    
         894  0.189999998    
         895   9.00000036E-02
         896 -0.100000001    
         897  0.219999999    
         898 -0.129999995    
         899 -0.180000007    
         900   7.00000003E-02
         901  0.259999990    
         902 -0.209999993    
         903 -0.670000017    
         904   9.00000036E-02
         905 -0.170000002    
         906 -0.230000004    
         907 -0.230000004    
         908 -0.209999993    
         909  -5.99999987E-02
         910 -0.839999974    
         911 -0.439999998    
         912 -0.150000006    
         913 -0.490000010    
         914  0.310000002    
         915  0.660000026    
         916  0.569999993    
         917  0.419999987    
         918  0.449999988    
         919  0.209999993    
         920   9.00000036E-02
         921  0.159999996    
         922  -5.00000007E-02
         923  0.560000002    
         924   5.99999987E-02
         925  0.159999996    
         926  0.200000003    
         927  0.469999999    
         928  0.289999992    
         929   3.99999991E-02
         930 -0.100000001    
         931  -2.99999993E-02
         932 -0.230000004    
         933   9.99999978E-03
         934   7.00000003E-02
         935  0.319999993    
         936   3.99999991E-02
         937  -5.99999987E-02
         938 -0.180000007    
         939  0.280000001    
         940 -0.200000003    
         941   9.00000036E-02
         942  0.119999997    
         943   9.00000036E-02
         944  0.170000002    
         945  0.189999998    
         946  0.340000004    
         947  0.239999995    
         948  0.959999979    
         949  0.189999998    
         950  0.430000007    
         951   1.99999996E-02
         952  0.430000007    
         953  0.479999989    
         954  0.250000000    
         955  0.219999999    
         956  0.239999995    
         957  0.200000003    
         958  0.250000000    
         959  0.629999995    
         960  0.389999986    
         961   1.19000006    
         962  0.899999976    
         963  0.970000029    
         964  0.689999998    
         965  0.310000002    
         966  0.280000001    
         967  0.209999993    
         968  0.379999995    
         969  0.140000001    
         970   5.00000007E-02
         971  0.289999992    
         972  0.889999986    
         973 -0.129999995    
         974  0.170000002    
         975 -0.140000001    
         976  0.330000013    
         977  0.140000001    
         978  -1.99999996E-02
         979  0.200000003    
         980  0.119999997    
         981  0.230000004    
         982  -5.99999987E-02
         983 -0.180000007    
         984  0.720000029    
         985  0.879999995    
         986  0.860000014    
         987  0.620000005    
         988  0.230000004    
         989  0.319999993    
         990  0.180000007    
         991  0.340000004    
         992  0.519999981    
         993  0.500000000    
         994  0.259999990    
         995  0.990000010    
         996  0.319999993    
         997  0.370000005    
         998  -9.99999978E-03
         999  0.460000008    
        1000   9.00000036E-02
        1001  0.600000024    
        1002   7.00000003E-02
        1003   5.99999987E-02
        1004  0.140000001    
        1005  -9.00000036E-02
        1006   5.00000007E-02
        1007 -0.219999999    
        1008 -0.730000019    
        1009  0.310000002    
        1010 -0.349999994    
        1011  0.280000001    
        1012  0.280000001    
        1013  0.289999992    
        1014  0.109999999    
        1015 -0.109999999    
        1016  0.200000003    
        1017  -5.00000007E-02
        1018   5.00000007E-02
        1019   0.00000000    
        1020  0.209999993    
        1021  0.759999990    
        1022  0.529999971    
        1023  0.629999995    
        1024  0.519999981    
        1025  0.439999998    
        1026  0.310000002    
        1027   5.99999987E-02
        1028  0.180000007    
        1029   2.99999993E-02
        1030   7.99999982E-02
        1031  -5.00000007E-02
        1032  0.159999996    
        1033  0.479999989    
        1034   1.15999997    
        1035  0.129999995    
        1036  0.330000013    
        1037  0.430000007    
        1038  0.310000002    
        1039  0.550000012    
        1040  0.330000013    
        1041  0.479999989    
        1042  0.189999998    
        1043   9.00000036E-02
        1044  0.910000026    
        1045  0.810000002    
        1046  0.360000014    
        1047  0.750000000    
        1048  0.699999988    
        1049  0.550000012    
        1050  0.639999986    
        1051  0.529999971    
        1052  0.460000008    
        1053  0.519999981    
        1054  0.469999999    
        1055  0.400000006    
        1056  0.819999993    
        1057  0.200000003    
        1058  0.479999989    
        1059  0.649999976    
        1060  0.340000004    
        1061  0.370000005    
        1062  0.219999999    
        1063  0.300000012    
        1064  0.270000011    
        1065  0.270000011    
        1066  0.370000005    
        1067  0.170000002    
        1068  0.730000019    
        1069  0.560000002    
        1070  0.600000024    
        1071   1.66999996    
        1072  0.800000012    
        1073  0.589999974    
        1074  0.529999971    
        1075  0.280000001    
        1076  0.430000007    
        1077  0.300000012    
        1078  0.589999974    
        1079  0.829999983    
        1080  0.680000007    
        1081  0.689999998    
        1082  0.819999993    
        1083  0.409999996    
        1084  0.829999983    
        1085  0.469999999    
        1086  0.709999979    
        1087  0.469999999    
        1088  0.409999996    
        1089  0.479999989    
        1090  0.409999996    
        1091  0.370000005    
        1092  0.300000012    
        1093  0.990000010    
        1094  0.819999993    
        1095  0.740000010    
        1096  0.280000001    
        1097  0.289999992    
        1098  0.129999995    
        1099 -0.200000003    
        1100  -5.99999987E-02
        1101 -0.259999990    
        1102 -0.109999999    
        1103 -0.140000001    
        1104  0.460000008    
        1105  0.680000007    
        1106  0.689999998    
        1107  0.819999993    
        1108  0.370000005    
        1109  0.379999995    
        1110  0.319999993    
        1111  0.289999992    
        1112  0.209999993    
        1113   3.99999991E-02
        1114  0.239999995    
        1115 -0.310000002    
        1116  0.519999981    
        1117  0.479999989    
        1118 -0.280000001    
        1119  0.720000029    
        1120  0.569999993    
        1121  0.660000026    
        1122  0.639999986    
        1123  0.340000004    
        1124  0.300000012    
        1125  0.479999989    
        1126  0.649999976    
        1127  0.709999979    
        1128  0.529999971    
        1129   1.03999996    
        1130   1.59000003    
        1131  0.819999993    
        1132  0.620000005    
        1133  0.479999989    
        1134  0.750000000    
        1135  0.529999971    
        1136  0.810000002    
        1137  0.660000026    
        1138  0.750000000    
        1139  0.750000000    
        1140  0.509999990    
        1141  0.189999998    
        1142  0.779999971    
        1143  0.319999993    
        1144   7.99999982E-02
        1145  0.560000002    
        1146  0.360000014    
        1147  0.430000007    
        1148  0.360000014    
        1149  0.109999999    
        1150  0.129999995    
        1151  0.280000001    
        1152  0.540000021    
        1153  0.519999981    
        1154  0.730000019    
        1155  0.779999971    
        1156  0.600000024    
        1157  0.419999987    
        1158  0.639999986    
        1159  0.479999989    
        1160  0.600000024    
        1161  0.759999990    
        1162  0.810000002    
        1163  0.579999983    
        1164  0.740000010    
        1165  0.720000029    
        1166   1.69000006    
        1167  0.920000017    
        1168   1.23000002    
        1169  0.980000019    
        1170   1.00000000    
        1171   1.13999999    
        1172   1.10000002    
        1173  0.829999983    
        1174  0.720000029    
        1175  0.340000004    
        1176   1.12000000    
        1177   1.00000000    
        1178   1.69000006    
        1179  0.370000005    
        1180  0.769999981    
        1181  0.629999995    
        1182  0.629999995    
        1183  0.670000017    
        1184  0.550000012    
        1185  0.660000026    
        1186  0.629999995    
        1187  0.620000005    
        1188   1.19000006    
        1189  0.509999990    
        1190   1.08000004    
        1191   1.08000004    
        1192   1.33000004    
        1193  0.720000029    
        1194  0.620000005    
        1195  0.540000021    
        1196  0.670000017    
        1197  0.509999990    
        1198  0.209999993    
        1199   5.00000007E-02
        1200  0.219999999    
