        xmean =       426.5000
        ymean =         0.1134
        covxy =        35.3519
           sx =       246.0954
           sy =         0.2150
            r =         0.6680
            R =         0.4463
            T =        26.1737
        P-val =            NaN
        LRA a =        -0.1356
        LRA b =     0.00058372
          SSR =        21.7889
          SSE =        17.5610
          SST =        39.3499
          MSR =         0.0256
          MSE =        17.5610
          MST =         0.0462
          EDF =         1
          RDF =       850
          TDF =       851
         Fsta =       685.0645
           se =         0.1601
           sa =         0.0008
           sb =         0.0000
           ta =      -180.0498
           tb =        26.1737

 yex arrange
        -0.1350
        -0.1344
        -0.1338
        -0.1332
        -0.1327
        -0.1321
        -0.1315
        -0.1309
        -0.1303
        -0.1297
        -0.1292
        -0.1286
        -0.1280
        -0.1274
        -0.1268
        -0.1262
        -0.1257
        -0.1251
        -0.1245
        -0.1239
        -0.1233
        -0.1227
        -0.1222
        -0.1216
        -0.1210
        -0.1204
        -0.1198
        -0.1192
        -0.1186
        -0.1181
        -0.1175
        -0.1169
        -0.1163
        -0.1157
        -0.1151
        -0.1146
        -0.1140
        -0.1134
        -0.1128
        -0.1122
        -0.1116
        -0.1111
        -0.1105
        -0.1099
        -0.1093
        -0.1087
        -0.1081
        -0.1076
        -0.1070
        -0.1064
        -0.1058
        -0.1052
        -0.1046
        -0.1041
        -0.1035
        -0.1029
        -0.1023
        -0.1017
        -0.1011
        -0.1006
        -0.1000
        -0.0994
        -0.0988
        -0.0982
        -0.0976
        -0.0971
        -0.0965
        -0.0959
        -0.0953
        -0.0947
        -0.0941
        -0.0935
        -0.0930
        -0.0924
        -0.0918
        -0.0912
        -0.0906
        -0.0900
        -0.0895
        -0.0889
        -0.0883
        -0.0877
        -0.0871
        -0.0865
        -0.0860
        -0.0854
        -0.0848
        -0.0842
        -0.0836
        -0.0830
        -0.0825
        -0.0819
        -0.0813
        -0.0807
        -0.0801
        -0.0795
        -0.0790
        -0.0784
        -0.0778
        -0.0772
        -0.0766
        -0.0760
        -0.0755
        -0.0749
        -0.0743
        -0.0737
        -0.0731
        -0.0725
        -0.0720
        -0.0714
        -0.0708
        -0.0702
        -0.0696
        -0.0690
        -0.0684
        -0.0679
        -0.0673
        -0.0667
        -0.0661
        -0.0655
        -0.0649
        -0.0644
        -0.0638
        -0.0632
        -0.0626
        -0.0620
        -0.0614
        -0.0609
        -0.0603
        -0.0597
        -0.0591
        -0.0585
        -0.0579
        -0.0574
        -0.0568
        -0.0562
        -0.0556
        -0.0550
        -0.0544
        -0.0539
        -0.0533
        -0.0527
        -0.0521
        -0.0515
        -0.0509
        -0.0504
        -0.0498
        -0.0492
        -0.0486
        -0.0480
        -0.0474
        -0.0469
        -0.0463
        -0.0457
        -0.0451
        -0.0445
        -0.0439
        -0.0433
        -0.0428
        -0.0422
        -0.0416
        -0.0410
        -0.0404
        -0.0398
        -0.0393
        -0.0387
        -0.0381
        -0.0375
        -0.0369
        -0.0363
        -0.0358
        -0.0352
        -0.0346
        -0.0340
        -0.0334
        -0.0328
        -0.0323
        -0.0317
        -0.0311
        -0.0305
        -0.0299
        -0.0293
        -0.0288
        -0.0282
        -0.0276
        -0.0270
        -0.0264
        -0.0258
        -0.0253
        -0.0247
        -0.0241
        -0.0235
        -0.0229
        -0.0223
        -0.0218
        -0.0212
        -0.0206
        -0.0200
        -0.0194
        -0.0188
        -0.0182
        -0.0177
        -0.0171
        -0.0165
        -0.0159
        -0.0153
        -0.0147
        -0.0142
        -0.0136
        -0.0130
        -0.0124
        -0.0118
        -0.0112
        -0.0107
        -0.0101
        -0.0095
        -0.0089
        -0.0083
        -0.0077
        -0.0072
        -0.0066
        -0.0060
        -0.0054
        -0.0048
        -0.0042
        -0.0037
        -0.0031
        -0.0025
        -0.0019
        -0.0013
        -0.0007
        -0.0002
         0.0004
         0.0010
         0.0016
         0.0022
         0.0028
         0.0033
         0.0039
         0.0045
         0.0051
         0.0057
         0.0063
         0.0069
         0.0074
         0.0080
         0.0086
         0.0092
         0.0098
         0.0104
         0.0109
         0.0115
         0.0121
         0.0127
         0.0133
         0.0139
         0.0144
         0.0150
         0.0156
         0.0162
         0.0168
         0.0174
         0.0179
         0.0185
         0.0191
         0.0197
         0.0203
         0.0209
         0.0214
         0.0220
         0.0226
         0.0232
         0.0238
         0.0244
         0.0249
         0.0255
         0.0261
         0.0267
         0.0273
         0.0279
         0.0284
         0.0290
         0.0296
         0.0302
         0.0308
         0.0314
         0.0320
         0.0325
         0.0331
         0.0337
         0.0343
         0.0349
         0.0355
         0.0360
         0.0366
         0.0372
         0.0378
         0.0384
         0.0390
         0.0395
         0.0401
         0.0407
         0.0413
         0.0419
         0.0425
         0.0430
         0.0436
         0.0442
         0.0448
         0.0454
         0.0460
         0.0465
         0.0471
         0.0477
         0.0483
         0.0489
         0.0495
         0.0500
         0.0506
         0.0512
         0.0518
         0.0524
         0.0530
         0.0535
         0.0541
         0.0547
         0.0553
         0.0559
         0.0565
         0.0571
         0.0576
         0.0582
         0.0588
         0.0594
         0.0600
         0.0606
         0.0611
         0.0617
         0.0623
         0.0629
         0.0635
         0.0641
         0.0646
         0.0652
         0.0658
         0.0664
         0.0670
         0.0676
         0.0681
         0.0687
         0.0693
         0.0699
         0.0705
         0.0711
         0.0716
         0.0722
         0.0728
         0.0734
         0.0740
         0.0746
         0.0751
         0.0757
         0.0763
         0.0769
         0.0775
         0.0781
         0.0786
         0.0792
         0.0798
         0.0804
         0.0810
         0.0816
         0.0822
         0.0827
         0.0833
         0.0839
         0.0845
         0.0851
         0.0857
         0.0862
         0.0868
         0.0874
         0.0880
         0.0886
         0.0892
         0.0897
         0.0903
         0.0909
         0.0915
         0.0921
         0.0927
         0.0932
         0.0938
         0.0944
         0.0950
         0.0956
         0.0962
         0.0967
         0.0973
         0.0979
         0.0985
         0.0991
         0.0997
         0.1002
         0.1008
         0.1014
         0.1020
         0.1026
         0.1032
         0.1037
         0.1043
         0.1049
         0.1055
         0.1061
         0.1067
         0.1073
         0.1078
         0.1084
         0.1090
         0.1096
         0.1102
         0.1108
         0.1113
         0.1119
         0.1125
         0.1131
         0.1137
         0.1143
         0.1148
         0.1154
         0.1160
         0.1166
         0.1172
         0.1178
         0.1183
         0.1189
         0.1195
         0.1201
         0.1207
         0.1213
         0.1218
         0.1224
         0.1230
         0.1236
         0.1242
         0.1248
         0.1253
         0.1259
         0.1265
         0.1271
         0.1277
         0.1283
         0.1288
         0.1294
         0.1300
         0.1306
         0.1312
         0.1318
         0.1324
         0.1329
         0.1335
         0.1341
         0.1347
         0.1353
         0.1359
         0.1364
         0.1370
         0.1376
         0.1382
         0.1388
         0.1394
         0.1399
         0.1405
         0.1411
         0.1417
         0.1423
         0.1429
         0.1434
         0.1440
         0.1446
         0.1452
         0.1458
         0.1464
         0.1469
         0.1475
         0.1481
         0.1487
         0.1493
         0.1499
         0.1504
         0.1510
         0.1516
         0.1522
         0.1528
         0.1534
         0.1539
         0.1545
         0.1551
         0.1557
         0.1563
         0.1569
         0.1575
         0.1580
         0.1586
         0.1592
         0.1598
         0.1604
         0.1610
         0.1615
         0.1621
         0.1627
         0.1633
         0.1639
         0.1645
         0.1650
         0.1656
         0.1662
         0.1668
         0.1674
         0.1680
         0.1685
         0.1691
         0.1697
         0.1703
         0.1709
         0.1715
         0.1720
         0.1726
         0.1732
         0.1738
         0.1744
         0.1750
         0.1755
         0.1761
         0.1767
         0.1773
         0.1779
         0.1785
         0.1790
         0.1796
         0.1802
         0.1808
         0.1814
         0.1820
         0.1826
         0.1831
         0.1837
         0.1843
         0.1849
         0.1855
         0.1861
         0.1866
         0.1872
         0.1878
         0.1884
         0.1890
         0.1896
         0.1901
         0.1907
         0.1913
         0.1919
         0.1925
         0.1931
         0.1936
         0.1942
         0.1948
         0.1954
         0.1960
         0.1966
         0.1971
         0.1977
         0.1983
         0.1989
         0.1995
         0.2001
         0.2006
         0.2012
         0.2018
         0.2024
         0.2030
         0.2036
         0.2041
         0.2047
         0.2053
         0.2059
         0.2065
         0.2071
         0.2077
         0.2082
         0.2088
         0.2094
         0.2100
         0.2106
         0.2112
         0.2117
         0.2123
         0.2129
         0.2135
         0.2141
         0.2147
         0.2152
         0.2158
         0.2164
         0.2170
         0.2176
         0.2182
         0.2187
         0.2193
         0.2199
         0.2205
         0.2211
         0.2217
         0.2222
         0.2228
         0.2234
         0.2240
         0.2246
         0.2252
         0.2257
         0.2263
         0.2269
         0.2275
         0.2281
         0.2287
         0.2292
         0.2298
         0.2304
         0.2310
         0.2316
         0.2322
         0.2328
         0.2333
         0.2339
         0.2345
         0.2351
         0.2357
         0.2363
         0.2368
         0.2374
         0.2380
         0.2386
         0.2392
         0.2398
         0.2403
         0.2409
         0.2415
         0.2421
         0.2427
         0.2433
         0.2438
         0.2444
         0.2450
         0.2456
         0.2462
         0.2468
         0.2473
         0.2479
         0.2485
         0.2491
         0.2497
         0.2503
         0.2508
         0.2514
         0.2520
         0.2526
         0.2532
         0.2538
         0.2543
         0.2549
         0.2555
         0.2561
         0.2567
         0.2573
         0.2579
         0.2584
         0.2590
         0.2596
         0.2602
         0.2608
         0.2614
         0.2619
         0.2625
         0.2631
         0.2637
         0.2643
         0.2649
         0.2654
         0.2660
         0.2666
         0.2672
         0.2678
         0.2684
         0.2689
         0.2695
         0.2701
         0.2707
         0.2713
         0.2719
         0.2724
         0.2730
         0.2736
         0.2742
         0.2748
         0.2754
         0.2759
         0.2765
         0.2771
         0.2777
         0.2783
         0.2789
         0.2794
         0.2800
         0.2806
         0.2812
         0.2818
         0.2824
         0.2830
         0.2835
         0.2841
         0.2847
         0.2853
         0.2859
         0.2865
         0.2870
         0.2876
         0.2882
         0.2888
         0.2894
         0.2900
         0.2905
         0.2911
         0.2917
         0.2923
         0.2929
         0.2935
         0.2940
         0.2946
         0.2952
         0.2958
         0.2964
         0.2970
         0.2975
         0.2981
         0.2987
         0.2993
         0.2999
         0.3005
         0.3010
         0.3016
         0.3022
         0.3028
         0.3034
         0.3040
         0.3045
         0.3051
         0.3057
         0.3063
         0.3069
         0.3075
         0.3081
         0.3086
         0.3092
         0.3098
         0.3104
         0.3110
         0.3116
         0.3121
         0.3127
         0.3133
         0.3139
         0.3145
         0.3151
         0.3156
         0.3162
         0.3168
         0.3174
         0.3180
         0.3186
         0.3191
         0.3197
         0.3203
         0.3209
         0.3215
         0.3221
         0.3226
         0.3232
         0.3238
         0.3244
         0.3250
         0.3256
         0.3261
         0.3267
         0.3273
         0.3279
         0.3285
         0.3291
         0.3296
         0.3302
         0.3308
         0.3314
         0.3320
         0.3326
         0.3332
         0.3337
         0.3343
         0.3349
         0.3355
         0.3361
         0.3367
         0.3372
         0.3378
         0.3384
         0.3390
         0.3396
         0.3402
         0.3407
         0.3413
         0.3419
         0.3425
         0.3431
         0.3437
         0.3442
         0.3448
         0.3454
         0.3460
         0.3466
         0.3472
         0.3477
         0.3483
         0.3489
         0.3495
         0.3501
         0.3507
         0.3512
         0.3518
         0.3524
         0.3530
         0.3536
         0.3542
         0.3547
         0.3553
         0.3559
         0.3565
         0.3571
         0.3577
         0.3583
         0.3588
         0.3594
         0.3600
         0.3606
         0.3612
         0.3618
