        xmean =       186.5000
        ymean =         0.2563
        covxy =        15.7337
           sx =       107.5314
           sy =         0.1984
            r =         0.7373
            R =         0.5436
            T =        20.9938
        P-val =            NaN
        LRA a =         0.0025
        LRA b =     0.00136069
          SSR =         6.6679
          SSE =         7.9426
          SST =        14.6105
          MSR =         0.0180
          MSE =         7.9426
          MST =         0.0394
          EDF =         1
          RDF =       370
          TDF =       371
         Fsta =       440.7383
           se =         0.1342
           sa =         0.0014
           sb =         0.0001
           ta =         1.7208
           tb =        20.9938

 yex arrange
         0.0039
         0.0052
         0.0066
         0.0079
         0.0093
         0.0107
         0.0120
         0.0134
         0.0147
         0.0161
         0.0175
         0.0188
         0.0202
         0.0215
         0.0229
         0.0243
         0.0256
         0.0270
         0.0283
         0.0297
         0.0311
         0.0324
         0.0338
         0.0352
         0.0365
         0.0379
         0.0392
         0.0406
         0.0420
         0.0433
         0.0447
         0.0460
         0.0474
         0.0488
         0.0501
         0.0515
         0.0528
         0.0542
         0.0556
         0.0569
         0.0583
         0.0596
         0.0610
         0.0624
         0.0637
         0.0651
         0.0664
         0.0678
         0.0692
         0.0705
         0.0719
         0.0733
         0.0746
         0.0760
         0.0773
         0.0787
         0.0801
         0.0814
         0.0828
         0.0841
         0.0855
         0.0869
         0.0882
         0.0896
         0.0909
         0.0923
         0.0937
         0.0950
         0.0964
         0.0977
         0.0991
         0.1005
         0.1018
         0.1032
         0.1045
         0.1059
         0.1073
         0.1086
         0.1100
         0.1113
         0.1127
         0.1141
         0.1154
         0.1168
         0.1182
         0.1195
         0.1209
         0.1222
         0.1236
         0.1250
         0.1263
         0.1277
         0.1290
         0.1304
         0.1318
         0.1331
         0.1345
         0.1358
         0.1372
         0.1386
         0.1399
         0.1413
         0.1426
         0.1440
         0.1454
         0.1467
         0.1481
         0.1494
         0.1508
         0.1522
         0.1535
         0.1549
         0.1563
         0.1576
         0.1590
         0.1603
         0.1617
         0.1631
         0.1644
         0.1658
         0.1671
         0.1685
         0.1699
         0.1712
         0.1726
         0.1739
         0.1753
         0.1767
         0.1780
         0.1794
         0.1807
         0.1821
         0.1835
         0.1848
         0.1862
         0.1875
         0.1889
         0.1903
         0.1916
         0.1930
         0.1944
         0.1957
         0.1971
         0.1984
         0.1998
         0.2012
         0.2025
         0.2039
         0.2052
         0.2066
         0.2080
         0.2093
         0.2107
         0.2120
         0.2134
         0.2148
         0.2161
         0.2175
         0.2188
         0.2202
         0.2216
         0.2229
         0.2243
         0.2256
         0.2270
         0.2284
         0.2297
         0.2311
         0.2325
         0.2338
         0.2352
         0.2365
         0.2379
         0.2393
         0.2406
         0.2420
         0.2433
         0.2447
         0.2461
         0.2474
         0.2488
         0.2501
         0.2515
         0.2529
         0.2542
         0.2556
         0.2569
         0.2583
         0.2597
         0.2610
         0.2624
         0.2637
         0.2651
         0.2665
         0.2678
         0.2692
         0.2706
         0.2719
         0.2733
         0.2746
         0.2760
         0.2774
         0.2787
         0.2801
         0.2814
         0.2828
         0.2842
         0.2855
         0.2869
         0.2882
         0.2896
         0.2910
         0.2923
         0.2937
         0.2950
         0.2964
         0.2978
         0.2991
         0.3005
         0.3018
         0.3032
         0.3046
         0.3059
         0.3073
         0.3087
         0.3100
         0.3114
         0.3127
         0.3141
         0.3155
         0.3168
         0.3182
         0.3195
         0.3209
         0.3223
         0.3236
         0.3250
         0.3263
         0.3277
         0.3291
         0.3304
         0.3318
         0.3331
         0.3345
         0.3359
         0.3372
         0.3386
         0.3399
         0.3413
         0.3427
         0.3440
         0.3454
         0.3467
         0.3481
         0.3495
         0.3508
         0.3522
         0.3536
         0.3549
         0.3563
         0.3576
         0.3590
         0.3604
         0.3617
         0.3631
         0.3644
         0.3658
         0.3672
         0.3685
         0.3699
         0.3712
         0.3726
         0.3740
         0.3753
         0.3767
         0.3780
         0.3794
         0.3808
         0.3821
         0.3835
         0.3848
         0.3862
         0.3876
         0.3889
         0.3903
         0.3917
         0.3930
         0.3944
         0.3957
         0.3971
         0.3985
         0.3998
         0.4012
         0.4025
         0.4039
         0.4053
         0.4066
         0.4080
         0.4093
         0.4107
         0.4121
         0.4134
         0.4148
         0.4161
         0.4175
         0.4189
         0.4202
         0.4216
         0.4229
         0.4243
         0.4257
         0.4270
         0.4284
         0.4298
         0.4311
         0.4325
         0.4338
         0.4352
         0.4366
         0.4379
         0.4393
         0.4406
         0.4420
         0.4434
         0.4447
         0.4461
         0.4474
         0.4488
         0.4502
         0.4515
         0.4529
         0.4542
         0.4556
         0.4570
         0.4583
         0.4597
         0.4610
         0.4624
         0.4638
         0.4651
         0.4665
         0.4679
         0.4692
         0.4706
         0.4719
         0.4733
         0.4747
         0.4760
         0.4774
         0.4787
         0.4801
         0.4815
         0.4828
         0.4842
         0.4855
         0.4869
         0.4883
         0.4896
         0.4910
         0.4923
         0.4937
         0.4951
         0.4964
         0.4978
         0.4991
         0.5005
         0.5019
         0.5032
         0.5046
         0.5060
         0.5073
         0.5087
