        xmean =       306.5000
        ymean =         0.1578
        covxy =        28.4023
           sx =       176.8128
           sy =         0.2144
            r =         0.7491
            R =         0.5611
            T =        27.9282
        P-val =            NaN
        LRA a =        -0.1206
        LRA b =     0.00090850
          SSR =        12.3302
          SSE =        15.7661
          SST =        28.0962
          MSR =         0.0202
          MSE =        15.7661
          MST =         0.0460
          EDF =         1
          RDF =       610
          TDF =       611
         Fsta =       779.9808
           se =         0.1422
           sa =         0.0009
           sb =         0.0000
           ta =      -129.4960
           tb =        27.9280

 yex arrange
        -0.1197
        -0.1188
        -0.1179
        -0.1170
        -0.1161
        -0.1152
        -0.1143
        -0.1134
        -0.1125
        -0.1115
        -0.1106
        -0.1097
        -0.1088
        -0.1079
        -0.1070
        -0.1061
        -0.1052
        -0.1043
        -0.1034
        -0.1025
        -0.1016
        -0.1006
        -0.0997
        -0.0988
        -0.0979
        -0.0970
        -0.0961
        -0.0952
        -0.0943
        -0.0934
        -0.0925
        -0.0916
        -0.0906
        -0.0897
        -0.0888
        -0.0879
        -0.0870
        -0.0861
        -0.0852
        -0.0843
        -0.0834
        -0.0825
        -0.0816
        -0.0807
        -0.0797
        -0.0788
        -0.0779
        -0.0770
        -0.0761
        -0.0752
        -0.0743
        -0.0734
        -0.0725
        -0.0716
        -0.0707
        -0.0698
        -0.0688
        -0.0679
        -0.0670
        -0.0661
        -0.0652
        -0.0643
        -0.0634
        -0.0625
        -0.0616
        -0.0607
        -0.0598
        -0.0589
        -0.0579
        -0.0570
        -0.0561
        -0.0552
        -0.0543
        -0.0534
        -0.0525
        -0.0516
        -0.0507
        -0.0498
        -0.0489
        -0.0479
        -0.0470
        -0.0461
        -0.0452
        -0.0443
        -0.0434
        -0.0425
        -0.0416
        -0.0407
        -0.0398
        -0.0389
        -0.0380
        -0.0370
        -0.0361
        -0.0352
        -0.0343
        -0.0334
        -0.0325
        -0.0316
        -0.0307
        -0.0298
        -0.0289
        -0.0280
        -0.0271
        -0.0261
        -0.0252
        -0.0243
        -0.0234
        -0.0225
        -0.0216
        -0.0207
        -0.0198
        -0.0189
        -0.0180
        -0.0171
        -0.0162
        -0.0152
        -0.0143
        -0.0134
        -0.0125
        -0.0116
        -0.0107
        -0.0098
        -0.0089
        -0.0080
        -0.0071
        -0.0062
        -0.0052
        -0.0043
        -0.0034
        -0.0025
        -0.0016
        -0.0007
         0.0002
         0.0011
         0.0020
         0.0029
         0.0038
         0.0047
         0.0057
         0.0066
         0.0075
         0.0084
         0.0093
         0.0102
         0.0111
         0.0120
         0.0129
         0.0138
         0.0147
         0.0156
         0.0166
         0.0175
         0.0184
         0.0193
         0.0202
         0.0211
         0.0220
         0.0229
         0.0238
         0.0247
         0.0256
         0.0265
         0.0275
         0.0284
         0.0293
         0.0302
         0.0311
         0.0320
         0.0329
         0.0338
         0.0347
         0.0356
         0.0365
         0.0375
         0.0384
         0.0393
         0.0402
         0.0411
         0.0420
         0.0429
         0.0438
         0.0447
         0.0456
         0.0465
         0.0474
         0.0484
         0.0493
         0.0502
         0.0511
         0.0520
         0.0529
         0.0538
         0.0547
         0.0556
         0.0565
         0.0574
         0.0583
         0.0593
         0.0602
         0.0611
         0.0620
         0.0629
         0.0638
         0.0647
         0.0656
         0.0665
         0.0674
         0.0683
         0.0692
         0.0702
         0.0711
         0.0720
         0.0729
         0.0738
         0.0747
         0.0756
         0.0765
         0.0774
         0.0783
         0.0792
         0.0801
         0.0811
         0.0820
         0.0829
         0.0838
         0.0847
         0.0856
         0.0865
         0.0874
         0.0883
         0.0892
         0.0901
         0.0911
         0.0920
         0.0929
         0.0938
         0.0947
         0.0956
         0.0965
         0.0974
         0.0983
         0.0992
         0.1001
         0.1010
         0.1020
         0.1029
         0.1038
         0.1047
         0.1056
         0.1065
         0.1074
         0.1083
         0.1092
         0.1101
         0.1110
         0.1119
         0.1129
         0.1138
         0.1147
         0.1156
         0.1165
         0.1174
         0.1183
         0.1192
         0.1201
         0.1210
         0.1219
         0.1228
         0.1238
         0.1247
         0.1256
         0.1265
         0.1274
         0.1283
         0.1292
         0.1301
         0.1310
         0.1319
         0.1328
         0.1338
         0.1347
         0.1356
         0.1365
         0.1374
         0.1383
         0.1392
         0.1401
         0.1410
         0.1419
         0.1428
         0.1437
         0.1447
         0.1456
         0.1465
         0.1474
         0.1483
         0.1492
         0.1501
         0.1510
         0.1519
         0.1528
         0.1537
         0.1546
         0.1556
         0.1565
         0.1574
         0.1583
         0.1592
         0.1601
         0.1610
         0.1619
         0.1628
         0.1637
         0.1646
         0.1655
         0.1665
         0.1674
         0.1683
         0.1692
         0.1701
         0.1710
         0.1719
         0.1728
         0.1737
         0.1746
         0.1755
         0.1765
         0.1774
         0.1783
         0.1792
         0.1801
         0.1810
         0.1819
         0.1828
         0.1837
         0.1846
         0.1855
         0.1864
         0.1874
         0.1883
         0.1892
         0.1901
         0.1910
         0.1919
         0.1928
         0.1937
         0.1946
         0.1955
         0.1964
         0.1973
         0.1983
         0.1992
         0.2001
         0.2010
         0.2019
         0.2028
         0.2037
         0.2046
         0.2055
         0.2064
         0.2073
         0.2082
         0.2092
         0.2101
         0.2110
         0.2119
         0.2128
         0.2137
         0.2146
         0.2155
         0.2164
         0.2173
         0.2182
         0.2192
         0.2201
         0.2210
         0.2219
         0.2228
         0.2237
         0.2246
         0.2255
         0.2264
         0.2273
         0.2282
         0.2291
         0.2301
         0.2310
         0.2319
         0.2328
         0.2337
         0.2346
         0.2355
         0.2364
         0.2373
         0.2382
         0.2391
         0.2400
         0.2410
         0.2419
         0.2428
         0.2437
         0.2446
         0.2455
         0.2464
         0.2473
         0.2482
         0.2491
         0.2500
         0.2509
         0.2519
         0.2528
         0.2537
         0.2546
         0.2555
         0.2564
         0.2573
         0.2582
         0.2591
         0.2600
         0.2609
         0.2619
         0.2628
         0.2637
         0.2646
         0.2655
         0.2664
         0.2673
         0.2682
         0.2691
         0.2700
         0.2709
         0.2718
         0.2728
         0.2737
         0.2746
         0.2755
         0.2764
         0.2773
         0.2782
         0.2791
         0.2800
         0.2809
         0.2818
         0.2827
         0.2837
         0.2846
         0.2855
         0.2864
         0.2873
         0.2882
         0.2891
         0.2900
         0.2909
         0.2918
         0.2927
         0.2936
         0.2946
         0.2955
         0.2964
         0.2973
         0.2982
         0.2991
         0.3000
         0.3009
         0.3018
         0.3027
         0.3036
         0.3045
         0.3055
         0.3064
         0.3073
         0.3082
         0.3091
         0.3100
         0.3109
         0.3118
         0.3127
         0.3136
         0.3145
         0.3155
         0.3164
         0.3173
         0.3182
         0.3191
         0.3200
         0.3209
         0.3218
         0.3227
         0.3236
         0.3245
         0.3254
         0.3264
         0.3273
         0.3282
         0.3291
         0.3300
         0.3309
         0.3318
         0.3327
         0.3336
         0.3345
         0.3354
         0.3363
         0.3373
         0.3382
         0.3391
         0.3400
         0.3409
         0.3418
         0.3427
         0.3436
         0.3445
         0.3454
         0.3463
         0.3472
         0.3482
         0.3491
         0.3500
         0.3509
         0.3518
         0.3527
         0.3536
         0.3545
         0.3554
         0.3563
         0.3572
         0.3582
         0.3591
         0.3600
         0.3609
         0.3618
         0.3627
         0.3636
         0.3645
         0.3654
         0.3663
         0.3672
         0.3681
         0.3691
         0.3700
         0.3709
         0.3718
         0.3727
         0.3736
         0.3745
         0.3754
         0.3763
         0.3772
         0.3781
         0.3790
         0.3800
         0.3809
         0.3818
         0.3827
         0.3836
         0.3845
         0.3854
         0.3863
         0.3872
         0.3881
         0.3890
         0.3899
         0.3909
         0.3918
         0.3927
         0.3936
         0.3945
         0.3954
         0.3963
         0.3972
         0.3981
         0.3990
         0.3999
         0.4009
         0.4018
         0.4027
         0.4036
         0.4045
         0.4054
         0.4063
         0.4072
         0.4081
         0.4090
         0.4099
         0.4108
         0.4118
         0.4127
         0.4136
         0.4145
         0.4154
         0.4163
         0.4172
         0.4181
         0.4190
         0.4199
         0.4208
         0.4217
         0.4227
         0.4236
         0.4245
         0.4254
         0.4263
         0.4272
         0.4281
         0.4290
         0.4299
         0.4308
         0.4317
         0.4326
         0.4336
         0.4345
         0.4354
