        xmean =       126.5000
        ymean =         0.3473
        covxy =         5.4155
           sx =        72.8903
           sy =         0.1506
            r =         0.4932
            R =         0.2433
            T =         8.9653
        P-val =         0.0000
        LRA a =         0.2183
        LRA b =     0.00101930
          SSR =         4.3095
          SSE =         1.3855
          SST =         5.6950
          MSR =         0.0172
          MSE =         1.3855
          MST =         0.0227
          EDF =         1
          RDF =       250
          TDF =       251
         Fsta =        80.3763
           se =         0.1313
           sa =         0.0021
           sb =         0.0001
           ta =       104.1371
           tb =         8.9653

 yex arrange
         0.2193
         0.2204
         0.2214
         0.2224
         0.2234
         0.2244
         0.2255
         0.2265
         0.2275
         0.2285
         0.2295
         0.2306
         0.2316
         0.2326
         0.2336
         0.2346
         0.2356
         0.2367
         0.2377
         0.2387
         0.2397
         0.2407
         0.2418
         0.2428
         0.2438
         0.2448
         0.2458
         0.2469
         0.2479
         0.2489
         0.2499
         0.2509
         0.2520
         0.2530
         0.2540
         0.2550
         0.2560
         0.2571
         0.2581
         0.2591
         0.2601
         0.2611
         0.2622
         0.2632
         0.2642
         0.2652
         0.2662
         0.2672
         0.2683
         0.2693
         0.2703
         0.2713
         0.2723
         0.2734
         0.2744
         0.2754
         0.2764
         0.2774
         0.2785
         0.2795
         0.2805
         0.2815
         0.2825
         0.2836
         0.2846
         0.2856
         0.2866
         0.2876
         0.2887
         0.2897
         0.2907
         0.2917
         0.2927
         0.2937
         0.2948
         0.2958
         0.2968
         0.2978
         0.2988
         0.2999
         0.3009
         0.3019
         0.3029
         0.3039
         0.3050
         0.3060
         0.3070
         0.3080
         0.3090
         0.3101
         0.3111
         0.3121
         0.3131
         0.3141
         0.3152
         0.3162
         0.3172
         0.3182
         0.3192
         0.3203
         0.3213
         0.3223
         0.3233
         0.3243
         0.3253
         0.3264
         0.3274
         0.3284
         0.3294
         0.3304
         0.3315
         0.3325
         0.3335
         0.3345
         0.3355
         0.3366
         0.3376
         0.3386
         0.3396
         0.3406
         0.3417
         0.3427
         0.3437
         0.3447
         0.3457
         0.3468
         0.3478
         0.3488
         0.3498
         0.3508
         0.3518
         0.3529
         0.3539
         0.3549
         0.3559
         0.3569
         0.3580
         0.3590
         0.3600
         0.3610
         0.3620
         0.3631
         0.3641
         0.3651
         0.3661
         0.3671
         0.3682
         0.3692
         0.3702
         0.3712
         0.3722
         0.3733
         0.3743
         0.3753
         0.3763
         0.3773
         0.3784
         0.3794
         0.3804
         0.3814
         0.3824
         0.3834
         0.3845
         0.3855
         0.3865
         0.3875
         0.3885
         0.3896
         0.3906
         0.3916
         0.3926
         0.3936
         0.3947
         0.3957
         0.3967
         0.3977
         0.3987
         0.3998
         0.4008
         0.4018
         0.4028
         0.4038
         0.4049
         0.4059
         0.4069
         0.4079
         0.4089
         0.4099
         0.4110
         0.4120
         0.4130
         0.4140
         0.4150
         0.4161
         0.4171
         0.4181
         0.4191
         0.4201
         0.4212
         0.4222
         0.4232
         0.4242
         0.4252
         0.4263
         0.4273
         0.4283
         0.4293
         0.4303
         0.4314
         0.4324
         0.4334
         0.4344
         0.4354
         0.4365
         0.4375
         0.4385
         0.4395
         0.4405
         0.4415
         0.4426
         0.4436
         0.4446
         0.4456
         0.4466
         0.4477
         0.4487
         0.4497
         0.4507
         0.4517
         0.4528
         0.4538
         0.4548
         0.4558
         0.4568
         0.4579
         0.4589
         0.4599
         0.4609
         0.4619
         0.4630
         0.4640
         0.4650
         0.4660
         0.4670
         0.4680
         0.4691
         0.4701
         0.4711
         0.4721
         0.4731
         0.4742
         0.4752
