        xmean =       600.5000
        ymean =        -0.0001
        covxy =        74.7720
           sx =       346.5554
           sy =         0.2660
            r =         0.8111
            R =         0.6578
            T =        47.9919
        P-val =            NaN
        LRA a =        -0.3739
        LRA b =     0.00062258
          SSR =        29.0314
          SSE =        55.8148
          SST =        84.8462
          MSR =         0.0242
          MSE =        55.8148
          MST =         0.0708
          EDF =         1
          RDF =      1198
          TDF =      1199
         Fsta =      2303.2356
           se =         0.1557
           sa =         0.0005
           sb =         0.0000
           ta =      -719.6814
           tb =        47.9922

 yex arrange
        -0.3733
        -0.3727
        -0.3720
        -0.3714
        -0.3708
        -0.3702
        -0.3695
        -0.3689
        -0.3683
        -0.3677
        -0.3671
        -0.3664
        -0.3658
        -0.3652
        -0.3646
        -0.3639
        -0.3633
        -0.3627
        -0.3621
        -0.3615
        -0.3608
        -0.3602
        -0.3596
        -0.3590
        -0.3583
        -0.3577
        -0.3571
        -0.3565
        -0.3559
        -0.3552
        -0.3546
        -0.3540
        -0.3534
        -0.3527
        -0.3521
        -0.3515
        -0.3509
        -0.3503
        -0.3496
        -0.3490
        -0.3484
        -0.3478
        -0.3471
        -0.3465
        -0.3459
        -0.3453
        -0.3446
        -0.3440
        -0.3434
        -0.3428
        -0.3422
        -0.3415
        -0.3409
        -0.3403
        -0.3397
        -0.3390
        -0.3384
        -0.3378
        -0.3372
        -0.3366
        -0.3359
        -0.3353
        -0.3347
        -0.3341
        -0.3334
        -0.3328
        -0.3322
        -0.3316
        -0.3310
        -0.3303
        -0.3297
        -0.3291
        -0.3285
        -0.3278
        -0.3272
        -0.3266
        -0.3260
        -0.3253
        -0.3247
        -0.3241
        -0.3235
        -0.3229
        -0.3222
        -0.3216
        -0.3210
        -0.3204
        -0.3197
        -0.3191
        -0.3185
        -0.3179
        -0.3173
        -0.3166
        -0.3160
        -0.3154
        -0.3148
        -0.3141
        -0.3135
        -0.3129
        -0.3123
        -0.3117
        -0.3110
        -0.3104
        -0.3098
        -0.3092
        -0.3085
        -0.3079
        -0.3073
        -0.3067
        -0.3060
        -0.3054
        -0.3048
        -0.3042
        -0.3036
        -0.3029
        -0.3023
        -0.3017
        -0.3011
        -0.3004
        -0.2998
        -0.2992
        -0.2986
        -0.2980
        -0.2973
        -0.2967
        -0.2961
        -0.2955
        -0.2948
        -0.2942
        -0.2936
        -0.2930
        -0.2924
        -0.2917
        -0.2911
        -0.2905
        -0.2899
        -0.2892
        -0.2886
        -0.2880
        -0.2874
        -0.2867
        -0.2861
        -0.2855
        -0.2849
        -0.2843
        -0.2836
        -0.2830
        -0.2824
        -0.2818
        -0.2811
        -0.2805
        -0.2799
        -0.2793
        -0.2787
        -0.2780
        -0.2774
        -0.2768
        -0.2762
        -0.2755
        -0.2749
        -0.2743
        -0.2737
        -0.2731
        -0.2724
        -0.2718
        -0.2712
        -0.2706
        -0.2699
        -0.2693
        -0.2687
        -0.2681
        -0.2674
        -0.2668
        -0.2662
        -0.2656
        -0.2650
        -0.2643
        -0.2637
        -0.2631
        -0.2625
        -0.2618
        -0.2612
        -0.2606
        -0.2600
        -0.2594
        -0.2587
        -0.2581
        -0.2575
        -0.2569
        -0.2562
        -0.2556
        -0.2550
        -0.2544
        -0.2538
        -0.2531
        -0.2525
        -0.2519
        -0.2513
        -0.2506
        -0.2500
        -0.2494
        -0.2488
        -0.2481
        -0.2475
        -0.2469
        -0.2463
        -0.2457
        -0.2450
        -0.2444
        -0.2438
        -0.2432
        -0.2425
        -0.2419
        -0.2413
        -0.2407
        -0.2401
        -0.2394
        -0.2388
        -0.2382
        -0.2376
        -0.2369
        -0.2363
        -0.2357
        -0.2351
        -0.2345
        -0.2338
        -0.2332
        -0.2326
        -0.2320
        -0.2313
        -0.2307
        -0.2301
        -0.2295
        -0.2288
        -0.2282
        -0.2276
        -0.2270
        -0.2264
        -0.2257
        -0.2251
        -0.2245
        -0.2239
        -0.2232
        -0.2226
        -0.2220
        -0.2214
        -0.2208
        -0.2201
        -0.2195
        -0.2189
        -0.2183
        -0.2176
        -0.2170
        -0.2164
        -0.2158
        -0.2152
        -0.2145
        -0.2139
        -0.2133
        -0.2127
        -0.2120
        -0.2114
        -0.2108
        -0.2102
        -0.2095
        -0.2089
        -0.2083
        -0.2077
        -0.2071
        -0.2064
        -0.2058
        -0.2052
        -0.2046
        -0.2039
        -0.2033
        -0.2027
        -0.2021
        -0.2015
        -0.2008
        -0.2002
        -0.1996
        -0.1990
        -0.1983
        -0.1977
        -0.1971
        -0.1965
        -0.1959
        -0.1952
        -0.1946
        -0.1940
        -0.1934
        -0.1927
        -0.1921
        -0.1915
        -0.1909
        -0.1902
        -0.1896
        -0.1890
        -0.1884
        -0.1878
        -0.1871
        -0.1865
        -0.1859
        -0.1853
        -0.1846
        -0.1840
        -0.1834
        -0.1828
        -0.1822
        -0.1815
        -0.1809
        -0.1803
        -0.1797
        -0.1790
        -0.1784
        -0.1778
        -0.1772
        -0.1766
        -0.1759
        -0.1753
        -0.1747
        -0.1741
        -0.1734
        -0.1728
        -0.1722
        -0.1716
        -0.1709
        -0.1703
        -0.1697
        -0.1691
        -0.1685
        -0.1678
        -0.1672
        -0.1666
        -0.1660
        -0.1653
        -0.1647
        -0.1641
        -0.1635
        -0.1629
        -0.1622
        -0.1616
        -0.1610
        -0.1604
        -0.1597
        -0.1591
        -0.1585
        -0.1579
        -0.1573
        -0.1566
        -0.1560
        -0.1554
        -0.1548
        -0.1541
        -0.1535
        -0.1529
        -0.1523
        -0.1516
        -0.1510
        -0.1504
        -0.1498
        -0.1492
        -0.1485
        -0.1479
        -0.1473
        -0.1467
        -0.1460
        -0.1454
        -0.1448
        -0.1442
        -0.1436
        -0.1429
        -0.1423
        -0.1417
        -0.1411
        -0.1404
        -0.1398
        -0.1392
        -0.1386
        -0.1380
        -0.1373
        -0.1367
        -0.1361
        -0.1355
        -0.1348
        -0.1342
        -0.1336
        -0.1330
        -0.1323
        -0.1317
        -0.1311
        -0.1305
        -0.1299
        -0.1292
        -0.1286
        -0.1280
        -0.1274
        -0.1267
        -0.1261
        -0.1255
        -0.1249
        -0.1243
        -0.1236
        -0.1230
        -0.1224
        -0.1218
        -0.1211
        -0.1205
        -0.1199
        -0.1193
        -0.1187
        -0.1180
        -0.1174
        -0.1168
        -0.1162
        -0.1155
        -0.1149
        -0.1143
        -0.1137
        -0.1130
        -0.1124
        -0.1118
        -0.1112
        -0.1106
        -0.1099
        -0.1093
        -0.1087
        -0.1081
        -0.1074
        -0.1068
        -0.1062
        -0.1056
        -0.1050
        -0.1043
        -0.1037
        -0.1031
        -0.1025
        -0.1018
        -0.1012
        -0.1006
        -0.1000
        -0.0994
        -0.0987
        -0.0981
        -0.0975
        -0.0969
        -0.0962
        -0.0956
        -0.0950
        -0.0944
        -0.0937
        -0.0931
        -0.0925
        -0.0919
        -0.0913
        -0.0906
        -0.0900
        -0.0894
        -0.0888
        -0.0881
        -0.0875
        -0.0869
        -0.0863
        -0.0857
        -0.0850
        -0.0844
        -0.0838
        -0.0832
        -0.0825
        -0.0819
        -0.0813
        -0.0807
        -0.0801
        -0.0794
        -0.0788
        -0.0782
        -0.0776
        -0.0769
        -0.0763
        -0.0757
        -0.0751
        -0.0744
        -0.0738
        -0.0732
        -0.0726
        -0.0720
        -0.0713
        -0.0707
        -0.0701
        -0.0695
        -0.0688
        -0.0682
        -0.0676
        -0.0670
        -0.0664
        -0.0657
        -0.0651
        -0.0645
        -0.0639
        -0.0632
        -0.0626
        -0.0620
        -0.0614
        -0.0608
        -0.0601
        -0.0595
        -0.0589
        -0.0583
        -0.0576
        -0.0570
        -0.0564
        -0.0558
        -0.0551
        -0.0545
        -0.0539
        -0.0533
        -0.0527
        -0.0520
        -0.0514
        -0.0508
        -0.0502
        -0.0495
        -0.0489
        -0.0483
        -0.0477
        -0.0471
        -0.0464
        -0.0458
        -0.0452
        -0.0446
        -0.0439
        -0.0433
        -0.0427
        -0.0421
        -0.0415
        -0.0408
        -0.0402
        -0.0396
        -0.0390
        -0.0383
        -0.0377
        -0.0371
        -0.0365
        -0.0358
        -0.0352
        -0.0346
        -0.0340
        -0.0334
        -0.0327
        -0.0321
        -0.0315
        -0.0309
        -0.0302
        -0.0296
        -0.0290
        -0.0284
        -0.0278
        -0.0271
        -0.0265
        -0.0259
        -0.0253
        -0.0246
        -0.0240
        -0.0234
        -0.0228
        -0.0222
        -0.0215
        -0.0209
        -0.0203
        -0.0197
        -0.0190
        -0.0184
        -0.0178
        -0.0172
        -0.0165
        -0.0159
        -0.0153
        -0.0147
        -0.0141
        -0.0134
        -0.0128
        -0.0122
        -0.0116
        -0.0109
        -0.0103
        -0.0097
        -0.0091
        -0.0085
        -0.0078
        -0.0072
        -0.0066
        -0.0060
        -0.0053
        -0.0047
        -0.0041
        -0.0035
        -0.0029
        -0.0022
        -0.0016
        -0.0010
        -0.0004
         0.0003
         0.0009
         0.0015
         0.0021
         0.0028
         0.0034
         0.0040
         0.0046
         0.0052
         0.0059
         0.0065
         0.0071
         0.0077
         0.0084
         0.0090
         0.0096
         0.0102
         0.0108
         0.0115
         0.0121
         0.0127
         0.0133
         0.0140
         0.0146
         0.0152
         0.0158
         0.0164
         0.0171
         0.0177
         0.0183
         0.0189
         0.0196
         0.0202
         0.0208
         0.0214
         0.0221
         0.0227
         0.0233
         0.0239
         0.0245
         0.0252
         0.0258
         0.0264
         0.0270
         0.0277
         0.0283
         0.0289
         0.0295
         0.0301
         0.0308
         0.0314
         0.0320
         0.0326
         0.0333
         0.0339
         0.0345
         0.0351
         0.0357
         0.0364
         0.0370
         0.0376
         0.0382
         0.0389
         0.0395
         0.0401
         0.0407
         0.0414
         0.0420
         0.0426
         0.0432
         0.0438
         0.0445
         0.0451
         0.0457
         0.0463
         0.0470
         0.0476
         0.0482
         0.0488
         0.0494
         0.0501
         0.0507
         0.0513
         0.0519
         0.0526
         0.0532
         0.0538
         0.0544
         0.0550
         0.0557
         0.0563
         0.0569
         0.0575
         0.0582
         0.0588
         0.0594
         0.0600
         0.0607
         0.0613
         0.0619
         0.0625
         0.0631
         0.0638
         0.0644
         0.0650
         0.0656
         0.0663
         0.0669
         0.0675
         0.0681
         0.0687
         0.0694
         0.0700
         0.0706
         0.0712
         0.0719
         0.0725
         0.0731
         0.0737
         0.0743
         0.0750
         0.0756
         0.0762
         0.0768
         0.0775
         0.0781
         0.0787
         0.0793
         0.0800
         0.0806
         0.0812
         0.0818
         0.0824
         0.0831
         0.0837
         0.0843
         0.0849
         0.0856
         0.0862
         0.0868
         0.0874
         0.0880
         0.0887
         0.0893
         0.0899
         0.0905
         0.0912
         0.0918
         0.0924
         0.0930
         0.0936
         0.0943
         0.0949
         0.0955
         0.0961
         0.0968
         0.0974
         0.0980
         0.0986
         0.0993
         0.0999
         0.1005
         0.1011
         0.1017
         0.1024
         0.1030
         0.1036
         0.1042
         0.1049
         0.1055
         0.1061
         0.1067
         0.1073
         0.1080
         0.1086
         0.1092
         0.1098
         0.1105
         0.1111
         0.1117
         0.1123
         0.1129
         0.1136
         0.1142
         0.1148
         0.1154
         0.1161
         0.1167
         0.1173
         0.1179
         0.1186
         0.1192
         0.1198
         0.1204
         0.1210
         0.1217
         0.1223
         0.1229
         0.1235
         0.1242
         0.1248
         0.1254
         0.1260
         0.1266
         0.1273
         0.1279
         0.1285
         0.1291
         0.1298
         0.1304
         0.1310
         0.1316
         0.1322
         0.1329
         0.1335
         0.1341
         0.1347
         0.1354
         0.1360
         0.1366
         0.1372
         0.1379
         0.1385
         0.1391
         0.1397
         0.1403
         0.1410
         0.1416
         0.1422
         0.1428
         0.1435
         0.1441
         0.1447
         0.1453
         0.1459
         0.1466
         0.1472
         0.1478
         0.1484
         0.1491
         0.1497
         0.1503
         0.1509
         0.1515
         0.1522
         0.1528
         0.1534
         0.1540
         0.1547
         0.1553
         0.1559
         0.1565
         0.1572
         0.1578
         0.1584
         0.1590
         0.1596
         0.1603
         0.1609
         0.1615
         0.1621
         0.1628
         0.1634
         0.1640
         0.1646
         0.1652
         0.1659
         0.1665
         0.1671
         0.1677
         0.1684
         0.1690
         0.1696
         0.1702
         0.1708
         0.1715
         0.1721
         0.1727
         0.1733
         0.1740
         0.1746
         0.1752
         0.1758
         0.1765
         0.1771
         0.1777
         0.1783
         0.1789
         0.1796
         0.1802
         0.1808
         0.1814
         0.1821
         0.1827
         0.1833
         0.1839
         0.1845
         0.1852
         0.1858
         0.1864
         0.1870
         0.1877
         0.1883
         0.1889
         0.1895
         0.1901
         0.1908
         0.1914
         0.1920
         0.1926
         0.1933
         0.1939
         0.1945
         0.1951
         0.1958
         0.1964
         0.1970
         0.1976
         0.1982
         0.1989
         0.1995
         0.2001
         0.2007
         0.2014
         0.2020
         0.2026
         0.2032
         0.2038
         0.2045
         0.2051
         0.2057
         0.2063
         0.2070
         0.2076
         0.2082
         0.2088
         0.2094
         0.2101
         0.2107
         0.2113
         0.2119
         0.2126
         0.2132
         0.2138
         0.2144
         0.2151
         0.2157
         0.2163
         0.2169
         0.2175
         0.2182
         0.2188
         0.2194
         0.2200
         0.2207
         0.2213
         0.2219
         0.2225
         0.2231
         0.2238
         0.2244
         0.2250
         0.2256
         0.2263
         0.2269
         0.2275
         0.2281
         0.2287
         0.2294
         0.2300
         0.2306
         0.2312
         0.2319
         0.2325
         0.2331
         0.2337
         0.2344
         0.2350
         0.2356
         0.2362
         0.2368
         0.2375
         0.2381
         0.2387
         0.2393
         0.2400
         0.2406
         0.2412
         0.2418
         0.2424
         0.2431
         0.2437
         0.2443
         0.2449
         0.2456
         0.2462
         0.2468
         0.2474
         0.2480
         0.2487
         0.2493
         0.2499
         0.2505
         0.2512
         0.2518
         0.2524
         0.2530
         0.2537
         0.2543
         0.2549
         0.2555
         0.2561
         0.2568
         0.2574
         0.2580
         0.2586
         0.2593
         0.2599
         0.2605
         0.2611
         0.2617
         0.2624
         0.2630
         0.2636
         0.2642
         0.2649
         0.2655
         0.2661
         0.2667
         0.2673
         0.2680
         0.2686
         0.2692
         0.2698
         0.2705
         0.2711
         0.2717
         0.2723
         0.2730
         0.2736
         0.2742
         0.2748
         0.2754
         0.2761
         0.2767
         0.2773
         0.2779
         0.2786
         0.2792
         0.2798
         0.2804
         0.2810
         0.2817
         0.2823
         0.2829
         0.2835
         0.2842
         0.2848
         0.2854
         0.2860
         0.2866
         0.2873
         0.2879
         0.2885
         0.2891
         0.2898
         0.2904
         0.2910
         0.2916
         0.2923
         0.2929
         0.2935
         0.2941
         0.2947
         0.2954
         0.2960
         0.2966
         0.2972
         0.2979
         0.2985
         0.2991
         0.2997
         0.3003
         0.3010
         0.3016
         0.3022
         0.3028
         0.3035
         0.3041
         0.3047
         0.3053
         0.3059
         0.3066
         0.3072
         0.3078
         0.3084
         0.3091
         0.3097
         0.3103
         0.3109
         0.3116
         0.3122
         0.3128
         0.3134
         0.3140
         0.3147
         0.3153
         0.3159
         0.3165
         0.3172
         0.3178
         0.3184
         0.3190
         0.3196
         0.3203
         0.3209
         0.3215
         0.3221
         0.3228
         0.3234
         0.3240
         0.3246
         0.3252
         0.3259
         0.3265
         0.3271
         0.3277
         0.3284
         0.3290
         0.3296
         0.3302
         0.3309
         0.3315
         0.3321
         0.3327
         0.3333
         0.3340
         0.3346
         0.3352
         0.3358
         0.3365
         0.3371
         0.3377
         0.3383
         0.3389
         0.3396
         0.3402
         0.3408
         0.3414
         0.3421
         0.3427
         0.3433
         0.3439
         0.3445
         0.3452
         0.3458
         0.3464
         0.3470
         0.3477
         0.3483
         0.3489
         0.3495
         0.3501
         0.3508
         0.3514
         0.3520
         0.3526
         0.3533
         0.3539
         0.3545
         0.3551
         0.3558
         0.3564
         0.3570
         0.3576
         0.3582
         0.3589
         0.3595
         0.3601
         0.3607
         0.3614
         0.3620
         0.3626
         0.3632
         0.3638
         0.3645
         0.3651
         0.3657
         0.3663
         0.3670
         0.3676
         0.3682
         0.3688
         0.3694
         0.3701
         0.3707
         0.3713
         0.3719
         0.3726
         0.3732
