        xmean =      1134.5000
        ymean =         0.4103
        covxy =         1.7992
           sx =        38.2492
           sy =         0.1515
            r =         0.3105
            R =         0.0964
            T =         3.7249
        P-val =         0.0005
        LRA a =        -0.9849
        LRA b =     0.00122977
          SSR =         2.7157
          SSE =         0.2898
          SST =         3.0056
          MSR =         0.0209
          MSE =         0.2898
          MST =         0.0229
          EDF =         1
          RDF =       130
          TDF =       131
         Fsta =        13.8746
           se =         0.1445
           sa =         0.9718
           sb =         0.0003
           ta =        -1.0135
           tb =         3.7249

 yex arrange
         0.3298
         0.3310
         0.3322
         0.3334
         0.3347
         0.3359
         0.3371
         0.3384
         0.3396
         0.3408
         0.3421
         0.3433
         0.3445
         0.3457
         0.3470
         0.3482
         0.3494
         0.3507
         0.3519
         0.3531
         0.3543
         0.3556
         0.3568
         0.3580
         0.3593
         0.3605
         0.3617
         0.3630
         0.3642
         0.3654
         0.3666
         0.3679
         0.3691
         0.3703
         0.3716
         0.3728
         0.3740
         0.3753
         0.3765
         0.3777
         0.3789
         0.3802
         0.3814
         0.3826
         0.3839
         0.3851
         0.3863
         0.3876
         0.3888
         0.3900
         0.3912
         0.3925
         0.3937
         0.3949
         0.3962
         0.3974
         0.3986
         0.3998
         0.4011
         0.4023
         0.4035
         0.4048
         0.4060
         0.4072
         0.4085
         0.4097
         0.4109
         0.4121
         0.4134
         0.4146
         0.4158
         0.4171
         0.4183
         0.4195
         0.4208
         0.4220
         0.4232
         0.4244
         0.4257
         0.4269
         0.4281
         0.4294
         0.4306
         0.4318
         0.4331
         0.4343
         0.4355
         0.4367
         0.4380
         0.4392
         0.4404
         0.4417
         0.4429
         0.4441
         0.4454
         0.4466
         0.4478
         0.4490
         0.4503
         0.4515
         0.4527
         0.4540
         0.4552
         0.4564
         0.4576
         0.4589
         0.4601
         0.4613
         0.4626
         0.4638
         0.4650
         0.4663
         0.4675
         0.4687
         0.4699
         0.4712
         0.4724
         0.4736
         0.4749
         0.4761
         0.4773
         0.4786
         0.4798
         0.4810
         0.4822
         0.4835
         0.4847
         0.4859
         0.4872
         0.4884
         0.4896
         0.4909
