   -2.7
   -2.6
   -2.3
   -1.8
   -1.6
   -1.0
   -0.3
    0.0
    0.3
    0.4
    0.6
    0.7
    0.7
    0.7
    0.8
    0.9
    0.9
    1.0
    1.1
    1.2
    1.4
    1.4
    1.5
    1.6
    1.7
    1.7
    1.7
    1.8
    1.8
    2.0
    2.1
    2.2
    2.2
    2.3
    2.3
    2.3
    2.4
    2.4
    2.4
    2.4
    2.5
    2.5
    2.5
    2.6
    2.7
    2.7
    2.7
    2.7
    2.8
    2.9
    3.0
    3.1
    3.1
    3.3
    3.4
    3.4
    3.4
    3.5
    3.5
    3.6
    3.6
    3.6
    3.6
    3.6
    3.6
    3.7
    3.7
    3.7
    3.7
    3.8
    3.8
    3.9
    4.0
    4.1
    4.1
    4.1
    4.1
    4.1
    4.2
    4.2
    4.2
    4.2
    4.3
    4.3
    4.3
    4.3
    4.3
    4.4
    4.4
    4.4
    4.7
    4.7
    4.7
    4.7
    4.8
    4.8
    4.8
    4.8
    4.9
    4.9
    4.9
    5.0
    5.1
    5.1
    5.2
    5.2
    5.3
    5.3
    5.4
    5.4
    5.4
    5.4
    5.5
    5.5
    5.5
    5.6
    5.6
    5.6
    5.7
    5.7
    5.8
    5.9
    6.0
    6.0
    6.2
    6.2
    6.3
    6.5
    6.5
    6.6
    6.6
    6.7
    6.7
    6.8
    6.9
    6.9
    7.2
    7.2
    7.4
    7.4
    7.6
    7.7
    7.7
    7.7
    7.9
    8.1
    8.1
    8.2
    8.2
    8.5
    8.7
    8.8
    8.8
    9.2
    9.2
    9.3
    9.4
    9.6
    9.8
    9.8
    9.8
    9.9
    9.9
    9.9
   10.1
   10.3
   10.3
   10.3
   10.3
   10.3
   10.4
   10.4
   10.5
   10.7
   10.7
   10.7
   10.8
   10.8
   10.8
   10.9
   11.1
   11.1
   11.2
   11.2
   11.3
   11.3
   11.4
   11.4
   11.4
   11.5
   11.6
   11.6
   11.6
   11.7
   11.7
   11.8
   11.8
   11.8
   11.8
   12.0
   12.0
   12.1
   12.1
   12.2
   12.2
   12.2
   12.2
   12.2
   12.2
   12.3
   12.4
   12.4
   12.4
   12.5
   12.6
   12.6
   12.6
   12.7
   12.7
   12.8
   12.8
   13.1
   13.1
   13.1
   13.2
   13.2
   13.2
   13.2
   13.3
   13.3
   13.4
   13.5
   13.7
   13.7
   13.8
   13.8
   13.9
   14.0
   14.2
   14.6
   14.6
   14.7
   14.8
   15.1
   15.3
   15.7
   15.7
   16.2
   16.2
   16.2
   16.9
   17.1
   17.2
   17.3
   17.3
   17.4
   17.5
   17.6
   17.7
   17.7
   17.7
   17.9
   17.9
   18.1
   18.1
   18.2
   18.2
   18.3
   18.4
   18.4
   18.5
   18.6
   18.7
   18.7
   18.8
   18.8
   18.8
   18.8
   18.8
   18.9
   18.9
   19.0
   19.0
   19.1
   19.1
   19.1
   19.1
   19.1
   19.1
   19.3
   19.4
   19.5
   19.5
   19.5
   19.6
   19.6
   19.7
   19.9
   19.9
   20.0
   20.0
   20.0
   20.0
   20.1
   20.1
   20.1
   20.2
   20.2
   20.3
   20.3
   20.4
   20.5
   20.5
   20.6
   20.6
   20.6
   20.7
   20.7
   20.7
   20.8
   20.8
   20.8
   20.9
   20.9
   21.0
   21.0
   21.1
   21.3
   21.3
   21.3
   21.4
   21.4
   21.4
   21.4
   21.4
   21.5
   21.7
   21.7
   21.7
   21.9
   21.9
   22.1
   22.1
   22.2
   22.2
   22.2
   22.2
   22.4
   22.5
   22.7
   22.8
   22.8
   22.8
   23.0
   23.0
   23.2
   23.6
   23.6
   23.6
   23.6
   23.7
   23.7
   23.8
   23.8
   23.8
   23.8
   23.9
   23.9
   23.9
   23.9
   24.0
   24.3
   24.3
   24.3
   24.4
   24.5
   24.5
   24.5
   24.6
   24.6
   24.7
   24.7
   24.7
   24.8
   24.8
   24.8
   24.8
   24.8
   24.8
   24.9
   24.9
   25.0
   25.1
   25.1
   25.1
   25.1
   25.2
   25.2
   25.2
   25.3
   25.3
   25.3
   25.4
   25.4
   25.4
   25.4
   25.5
   25.5
   25.6
   25.6
   25.7
   25.7
   25.7
   25.7
   25.8
   25.8
   26.0
   26.0
   26.0
   26.0
   26.0
   26.0
   26.1
   26.1
   26.1
   26.2
   26.2
   26.2
   26.3
   26.3
   26.3
   26.3
   26.3
   26.4
   26.4
   26.4
   26.5
   26.5
   26.5
   26.5
   26.5
   26.5
   26.7
   26.7
   26.7
   26.7
   26.7
   26.7
   26.7
   26.8
   26.8
   26.9
   26.9
   26.9
   27.0
   27.0
   27.1
   27.1
   27.2
   27.2
   27.4
   27.4
   27.4
   27.4
   27.4
   27.5
   27.5
   27.5
   27.5
   27.6
   27.6
   27.6
   27.7
   27.7
   27.7
   27.7
   27.7
   27.7
   27.8
   27.8
   27.8
   27.9
   27.9
   28.0
   28.1
   28.1
   28.1
   28.2
   28.2
   28.2
   28.2
   28.3
   28.3
   28.4
   28.4
   28.4
   28.5
   28.5
   28.5
   28.6
   28.7
   28.7
   28.7
   28.7
   28.7
   28.7
   28.8
   28.8
   28.8
   28.9
   29.0
   29.0
   29.0
   29.0
   29.0
   29.0
   29.2
   29.2
   29.2
   29.2
   29.3
   29.3
   29.3
   29.3
   29.4
   29.5
   29.5
   29.5
   29.5
   29.6
   29.6
   29.6
   29.6
   29.7
   29.7
   29.7
   29.7
   29.7
   29.7
   29.7
   29.8
   29.8
   29.8
   29.8
   29.8
   29.9
   29.9
   30.0
   30.0
   30.0
   30.0
   30.1
   30.2
   30.2
   30.2
   30.3
   30.3
   30.4
   30.4
   30.4
   30.4
   30.4
   30.5
   30.5
   30.5
   30.7
   30.8
   30.9
   30.9
   31.0
   31.1
   31.2
   31.2
   31.3
   31.4
   31.4
   31.4
   31.5
   31.7
   31.8
   32.0
   32.1
   32.1
   32.2
   32.6
   32.6
   32.8
   34.3
