   1.00
   2.00
   3.00
   4.00
   5.00
   6.00
   7.00
   8.00
   9.00
  10.00
  11.50
  11.50
  14.00
  14.00
  14.00
  16.00
  17.50
  17.50
  20.00
  20.00
  20.00
  22.50
  22.50
  24.50
  24.50
  26.00
  28.00
  28.00
  28.00
  31.50
  31.50
  31.50
  31.50
  34.50
  34.50
  36.50
  36.50
  39.00
  39.00
  39.00
  42.50
  42.50
  42.50
  42.50
  45.00
  46.50
  46.50
  49.00
  49.00
  49.00
  51.00
  53.50
  53.50
  53.50
  53.50
  56.00
  57.00
  59.00
  59.00
  59.00
  62.00
  62.00
  62.00
  66.50
  66.50
  66.50
  66.50
  66.50
  66.50
  70.00
  71.00
  72.50
  72.50
  75.00
  75.00
  75.00
  78.50
  78.50
  78.50
  78.50
  81.00
  82.00
  83.00
  84.00
  85.50
  85.50
  87.00
  90.00
  90.00
  90.00
  90.00
  90.00
  93.00
  96.50
  96.50
  96.50
  96.50
  96.50
  96.50
 100.00
 103.00
 103.00
 103.00
 103.00
 103.00
 106.00
 107.50
 107.50
 109.00
 110.50
 110.50
 113.50
 113.50
 113.50
 113.50
 117.50
 117.50
 117.50
 117.50
 120.00
 121.50
 121.50
 124.50
 124.50
 124.50
 124.50
 127.00
 128.50
 128.50
 131.00
 131.00
 131.00
 134.00
 134.00
 134.00
 137.00
 137.00
 137.00
 139.50
 139.50
 141.50
 141.50
 144.50
 144.50
 144.50
 144.50
 148.00
 148.00
 148.00
 151.00
 151.00
 151.00
 153.50
 153.50
 155.00
 157.00
 157.00
 157.00
 159.00
 160.00
 161.50
 161.50
 163.50
 163.50
 165.00
 166.00
 167.50
 167.50
 169.00
 170.00
 171.00
 172.00
 173.50
 173.50
 175.50
 175.50
 177.00
 180.50
 180.50
 180.50
 180.50
 180.50
 180.50
 184.00
 185.00
 186.00
 188.50
 188.50
 188.50
 188.50
 191.50
 191.50
 193.00
 195.50
 195.50
 195.50
 195.50
 198.50
 198.50
 200.00
 201.00
 203.50
 203.50
 203.50
 203.50
 206.00
 207.50
 207.50
 210.50
 210.50
 210.50
 210.50
 213.50
 213.50
 215.50
 215.50
 218.50
 218.50
 218.50
 218.50
 221.50
 221.50
 223.00
 225.00
 225.00
 225.00
 227.00
 228.50
 228.50
 230.00
 231.50
 231.50
 233.50
 233.50
 235.00
 236.50
 236.50
 239.00
 239.00
 239.00
 241.00
 242.00
 243.00
 244.50
 244.50
 246.00
 247.00
 248.00
 249.50
 249.50
 252.00
 252.00
 252.00
 255.00
 255.00
 255.00
 257.50
 257.50
 259.50
 259.50
 261.00
 262.00
 263.00
 264.50
 264.50
 266.00
 267.00
 268.00
 269.50
 269.50
 273.00
 273.00
 273.00
 273.00
 273.00
 276.00
 278.00
 278.00
 278.00
 280.00
 282.50
 282.50
 282.50
 282.50
 286.00
 286.00
 286.00
 288.50
 288.50
 290.50
 290.50
 292.00
 295.00
 295.00
 295.00
 295.00
 295.00
 298.00
 299.00
 301.00
 301.00
 301.00
 303.00
 305.50
 305.50
 305.50
 305.50
 308.00
 310.00
 310.00
 310.00
 312.50
 312.50
 314.00
 315.50
 315.50
 317.00
 318.00
 319.50
 319.50
 321.00
 323.00
 323.00
 323.00
 325.50
 325.50
 328.00
 328.00
 328.00
 331.00
 331.00
 331.00
 334.50
 334.50
 334.50
 334.50
 338.50
 338.50
 338.50
 338.50
 342.00
 342.00
 342.00
 345.00
 345.00
 345.00
 347.00
 348.50
 348.50
 350.50
 350.50
 352.50
 352.50
 354.00
 355.50
 355.50
 358.00
 358.00
 358.00
 360.50
 360.50
 363.00
 363.00
 363.00
 365.00
 367.00
 367.00
 367.00
 370.50
 370.50
 370.50
 370.50
 373.00
 374.00
 375.00
 376.50
 376.50
 378.00
 379.50
 379.50
 381.00
 382.50
 382.50
 384.50
 384.50
 386.00
 387.00
 389.00
 389.00
 389.00
 392.00
 392.00
 392.00
 394.00
 395.50
 395.50
 397.00
 398.50
 398.50
 402.00
 402.00
 402.00
 402.00
 402.00
 406.50
 406.50
 406.50
 406.50
 409.50
 409.50
 411.50
 411.50
 413.50
 413.50
 415.50
 415.50
 418.50
 418.50
 418.50
 418.50
 422.50
 422.50
 422.50
 422.50
 426.00
 426.00
 426.00
 428.00
 431.00
 431.00
 431.00
 431.00
 431.00
 435.00
 435.00
 435.00
 437.00
 442.00
 442.00
 442.00
 442.00
 442.00
 442.00
 442.00
 442.00
 442.00
 448.50
 448.50
 448.50
 448.50
 454.00
 454.00
 454.00
 454.00
 454.00
 454.00
 454.00
 459.00
 459.00
 459.00
 463.00
 463.00
 463.00
 463.00
 463.00
 467.00
 467.00
 467.00
 471.00
 471.00
 471.00
 471.00
 471.00
 476.50
 476.50
 476.50
 476.50
 476.50
 476.50
 481.50
 481.50
 481.50
 481.50
 485.50
 485.50
 485.50
 485.50
 489.50
 489.50
 489.50
 489.50
 492.50
 492.50
 495.00
 495.00
 495.00
 497.50
 497.50
 499.50
 499.50
 501.50
 501.50
 503.00
 504.50
 504.50
 506.00
 507.00
 509.00
 509.00
 509.00
 511.00
 513.00
 513.00
 513.00
 516.50
 516.50
 516.50
 516.50
 519.50
 519.50
 522.50
 522.50
 522.50
 522.50
 525.50
 525.50
 527.50
 527.50
 532.00
 532.00
 532.00
 532.00
 532.00
 532.00
 532.00
 537.50
 537.50
 537.50
 537.50
 540.00
 541.50
 541.50
 544.50
 544.50
 544.50
 544.50
 549.50
 549.50
 549.50
 549.50
 549.50
 549.50
 554.00
 554.00
 554.00
 556.50
 556.50
 558.50
 558.50
 560.00
 561.00
 562.00
 563.50
 563.50
 566.00
 566.00
 566.00
 568.50
 568.50
 570.00
 572.00
 572.00
 572.00
 575.00
 575.00
 575.00
 577.00
 579.00
 579.00
 579.00
 581.00
 582.00
 583.00
 584.00
 585.00
 586.00
 587.00
 588.00
