 173.00
 173.00
 173.00
 173.00
 173.00
 173.00
 173.00
 173.00
 173.00
 173.00
 333.50
 335.00
   0.00
   0.00
 338.00
 339.00
   0.00
 341.00
   0.00
   0.00
 344.00
   0.00
 346.00
   0.00
 348.00
 349.00
   0.00
   0.00
 352.00
   0.00
   0.00
   0.00
 356.00
   0.00
 358.00
   0.00
 360.00
   0.00
   0.00
 363.00
   0.00
   0.00
   0.00
 367.00
 368.00
   0.00
 370.00
   0.00
   0.00
 373.00
 374.00
   0.00
   0.00
   0.00
 378.00
 379.00
 380.00
   0.00
   0.00
 383.00
   0.00
   0.00
 386.00
   0.00
   0.00
   0.00
   0.00
   0.00
 392.00
 393.00
 394.00
   0.00
 396.00
   0.00
   0.00
 399.00
   0.00
   0.00
   0.00
 403.00
 404.00
 405.00
 406.00
 407.00
   0.00
 409.00
 410.00
   0.00
   0.00
   0.00
   0.00
 415.00
 416.00
   0.00
   0.00
   0.00
   0.00
   0.00
 422.00
 423.00
   0.00
   0.00
   0.00
   0.00
 428.00
 429.00
   0.00
 431.00
 432.00
   0.00
 434.00
   0.00
   0.00
   0.00
 438.00
   0.00
   0.00
   0.00
 442.00
 443.00
   0.00
 445.00
   0.00
   0.00
   0.00
 449.00
 450.00
   0.00
 452.00
   0.00
   0.00
 455.00
   0.00
   0.00
 458.00
   0.00
   0.00
 461.00
   0.00
 463.00
   0.00
 465.00
   0.00
   0.00
   0.00
 469.00
   0.00
   0.00
 472.00
   0.00
   0.00
 475.00
   0.00
 477.00
 478.00
   0.00
   0.00
 481.00
 482.00
 483.00
   0.00
 485.00
   0.00
 487.00
 488.00
 489.00
   0.00
 491.00
 492.00
 493.00
 494.00
 495.00
   0.00
 497.00
   0.00
 499.00
 500.00
   0.00
   0.00
   0.00
   0.00
   0.00
 506.00
 507.00
 508.00
 509.00
   0.00
   0.00
   0.00
 513.00
   0.00
 515.00
 516.00
   0.00
   0.00
   0.00
 520.00
   0.00
 522.00
 523.00
 524.00
   0.00
   0.00
   0.00
 528.00
 529.00
   0.00
 531.00
   0.00
   0.00
   0.00
 535.00
   0.00
 537.00
   0.00
 539.00
   0.00
   0.00
   0.00
 543.00
   0.00
 545.00
 546.00
   0.00
   0.00
 549.00
 550.00
   0.00
 552.00
 553.00
   0.00
 555.00
   0.00
 557.00
 558.00
   0.00
 560.00
   0.00
   0.00
 563.00
 564.00
 565.00
 566.00
   0.00
 568.00
 569.00
 570.00
 571.00
   0.00
 573.00
   0.00
   0.00
 576.00
   0.00
   0.00
 579.00
   0.00
 581.00
   0.00
 583.00
 584.00
 585.00
 586.00
   0.00
 588.00
 589.00
 590.00
 591.00
   0.00
 593.00
   0.00
   0.00
   0.00
   0.00
 598.00
 599.00
   0.00
   0.00
 602.00
 603.00
   0.00
   0.00
   0.00
 607.00
   0.00
   0.00
 610.00
   0.00
 612.00
   0.00
 614.00
 615.00
   0.00
   0.00
   0.00
   0.00
 620.00
 621.00
 622.00
   0.00
   0.00
 625.00
 626.00
   0.00
   0.00
   0.00
 630.00
 631.00
   0.00
   0.00
 634.00
   0.00
 636.00
 637.00
   0.00
 639.00
 640.00
 641.00
   0.00
 643.00
 644.00
   0.00
   0.00
 647.00
   0.00
 649.00
   0.00
   0.00
 652.00
   0.00
   0.00
 655.00
   0.00
   0.00
   0.00
 659.00
   0.00
   0.00
   0.00
 663.00
   0.00
   0.00
 666.00
   0.00
   0.00
 669.00
 670.00
   0.00
 672.00
   0.00
 674.00
   0.00
 676.00
 677.00
   0.00
 679.00
   0.00
   0.00
 682.00
   0.00
 684.00
   0.00
   0.00
 687.00
 688.00
   0.00
   0.00
 691.00
   0.00
   0.00
   0.00
 695.00
 696.00
 697.00
 698.00
   0.00
 700.00
 701.00
   0.00
 703.00
 704.00
   0.00
 706.00
   0.00
 708.00
 709.00
 710.00
   0.00
   0.00
 713.00
   0.00
   0.00
 716.00
 717.00
   0.00
 719.00
 720.00
   0.00
 722.00
   0.00
   0.00
   0.00
   0.00
 727.00
   0.00
   0.00
   0.00
 731.00
   0.00
 733.00
   0.00
 735.00
   0.00
 737.00
   0.00
 739.00
   0.00
   0.00
   0.00
 743.00
   0.00
   0.00
   0.00
 747.00
   0.00
   0.00
 750.00
 751.00
   0.00
   0.00
   0.00
   0.00
 756.00
   0.00
   0.00
 759.00
 760.00
   0.00
   0.00
   0.00
   0.00
   0.00
   0.00
   0.00
   0.00
 769.00
   0.00
   0.00
   0.00
 773.00
   0.00
   0.00
   0.00
   0.00
   0.00
   0.00
 780.00
   0.00
   0.00
 783.00
   0.00
   0.00
   0.00
   0.00
 788.00
   0.00
   0.00
 791.00
   0.00
   0.00
   0.00
   0.00
 796.00
   0.00
   0.00
   0.00
   0.00
   0.00
 802.00
   0.00
   0.00
   0.00
 806.00
   0.00
   0.00
   0.00
 810.00
   0.00
   0.00
   0.00
 814.00
   0.00
 816.00
   0.00
   0.00
 819.00
   0.00
 821.00
   0.00
 823.00
   0.00
 825.00
 826.00
   0.00
 828.00
 829.00
 830.00
   0.00
   0.00
 833.00
 834.00
   0.00
   0.00
 837.00
   0.00
   0.00
   0.00
 841.00
   0.00
 843.00
   0.00
   0.00
   0.00
 847.00
   0.00
 849.00
   0.00
 851.00
   0.00
   0.00
   0.00
   0.00
   0.00
   0.00
 858.00
   0.00
   0.00
   0.00
 862.00
 863.00
   0.00
 865.00
   0.00
   0.00
   0.00
 869.00
   0.00
   0.00
   0.00
   0.00
   0.00
 875.00
   0.00
   0.00
 878.00
   0.00
 880.00
   0.00
 882.00
 883.00
 884.00
 885.00
   0.00
 887.00
   0.00
   0.00
 890.00
   0.00
 892.00
 893.00
   0.00
   0.00
 896.00
   0.00
   0.00
 899.00
 900.00
   0.00
   0.00
 903.00
 904.00
 905.00
 906.00
 907.00
 908.00
 909.00
 910.00
   0.00
