   1.00
   2.00
   3.00
   4.00
   5.00
   6.00
   7.00
   8.00
   9.00
  10.00
  11.00
  13.00
  13.00
  13.00
  15.00
  16.50
  16.50
  18.00
  19.00
  20.00
  21.50
  21.50
  23.00
  24.00
  26.00
  26.00
  26.00
  28.50
  28.50
  30.00
  31.00
  32.50
  32.50
  35.00
  35.00
  35.00
  38.50
  38.50
  38.50
  38.50
  42.00
  42.00
  42.00
  44.00
  46.50
  46.50
  46.50
  46.50
  49.00
  50.00
  51.00
  52.50
  52.50
  54.00
  56.00
  56.00
  56.00
  58.50
  58.50
  62.50
  62.50
  62.50
  62.50
  62.50
  62.50
  67.50
  67.50
  67.50
  67.50
  70.50
  70.50
  72.00
  73.00
  76.00
  76.00
  76.00
  76.00
  76.00
  80.50
  80.50
  80.50
  80.50
  85.00
  85.00
  85.00
  85.00
  85.00
  89.00
  89.00
  89.00
  92.50
  92.50
  92.50
  92.50
  96.50
  96.50
  96.50
  96.50
 100.00
 100.00
 100.00
 102.00
 103.50
 103.50
 105.50
 105.50
 107.50
 107.50
 110.50
 110.50
 110.50
 110.50
 114.00
 114.00
 114.00
 117.00
 117.00
 117.00
 119.50
 119.50
 121.00
 122.00
 123.50
 123.50
 125.50
 125.50
 127.00
 128.50
 128.50
 130.50
 130.50
 132.50
 132.50
 134.00
 135.50
 135.50
 137.50
 137.50
 139.50
 139.50
 141.00
 143.00
 143.00
 143.00
 145.00
 146.50
 146.50
 148.50
 148.50
 150.00
 151.00
 152.50
 152.50
 154.50
 154.50
 156.00
 157.00
 158.00
 160.00
 160.00
 160.00
 163.00
 163.00
 163.00
 165.00
 168.00
 168.00
 168.00
 168.00
 168.00
 171.50
 171.50
 173.00
 175.00
 175.00
 175.00
 178.00
 178.00
 178.00
 180.00
 181.50
 181.50
 183.50
 183.50
 185.50
 185.50
 188.00
 188.00
 188.00
 190.00
 192.00
 192.00
 192.00
 194.50
 194.50
 197.50
 197.50
 197.50
 197.50
 200.50
 200.50
 202.50
 202.50
 206.50
 206.50
 206.50
 206.50
 206.50
 206.50
 210.00
 212.00
 212.00
 212.00
 214.00
 216.00
 216.00
 216.00
 218.50
 218.50
 220.50
 220.50
 223.00
 223.00
 223.00
 226.50
 226.50
 226.50
 226.50
 229.50
 229.50
 231.00
 232.00
 233.50
 233.50
 235.50
 235.50
 237.00
 238.00
 239.00
 240.50
 240.50
 242.00
 243.00
 244.00
 245.00
 246.50
 246.50
 249.00
 249.00
 249.00
 251.00
 252.00
 253.00
 254.50
 254.50
 256.00
 257.00
 258.00
 260.00
 260.00
 260.00
 262.50
 262.50
 264.50
 264.50
 266.50
 266.50
 268.00
 269.50
 269.50
 271.00
 272.00
 273.50
 273.50
 277.00
 277.00
 277.00
 277.00
 277.00
 280.50
 280.50
 282.50
 282.50
 286.50
 286.50
 286.50
 286.50
 286.50
 286.50
 290.00
 291.00
 293.00
 293.00
 293.00
 295.50
 295.50
 297.00
 298.50
 298.50
 301.50
 301.50
 301.50
 301.50
 305.00
 305.00
 305.00
 307.50
 307.50
 309.50
 309.50
 311.00
 312.50
 312.50
 315.00
 315.00
 315.00
 318.00
 318.00
 318.00
 321.00
 321.00
 321.00
 323.50
 323.50
 325.50
 325.50
 327.00
 329.00
 329.00
 329.00
 333.00
 333.00
 333.00
 333.00
 333.00
 336.00
 338.00
 338.00
 338.00
 340.50
 340.50
 342.50
 342.50
 345.50
 345.50
 345.50
 345.50
 348.00
 349.00
 350.00
 352.00
 352.00
 352.00
 354.50
 354.50
 356.00
 358.50
 358.50
 358.50
 358.50
 361.50
 361.50
 364.50
 364.50
 364.50
 364.50
 368.50
 368.50
 368.50
 368.50
 371.00
 373.00
 373.00
 373.00
 375.00
 377.00
 377.00
 377.00
 379.50
 379.50
 382.00
 382.00
 382.00
 386.50
 386.50
 386.50
 386.50
 386.50
 386.50
 390.50
 390.50
 392.00
 394.50
 394.50
 394.50
 394.50
 398.00
 398.00
 398.00
 401.00
 401.00
 401.00
 404.50
 404.50
 404.50
 404.50
 407.50
 407.50
 409.50
 409.50
 412.50
 412.50
 412.50
 412.50
 415.50
 415.50
 419.50
 419.50
 419.50
 419.50
 419.50
 419.50
 424.00
 424.00
 424.00
 427.00
 427.00
 427.00
 431.00
 431.00
 431.00
 431.00
 431.00
 435.00
 435.00
 435.00
 439.50
 439.50
 439.50
 439.50
 439.50
 439.50
 446.00
 446.00
 446.00
 446.00
 446.00
 446.00
 446.00
 450.50
 450.50
 453.00
 453.00
 453.00
 455.50
 455.50
 457.50
 457.50
 459.50
 459.50
 463.00
 463.00
 463.00
 463.00
 463.00
 467.50
 467.50
 467.50
 467.50
 471.00
 471.00
 471.00
 475.50
 475.50
 475.50
 475.50
 475.50
 475.50
 480.00
 480.00
 480.00
 482.50
 482.50
 484.00
 486.00
 486.00
 486.00
 489.50
 489.50
 489.50
 489.50
 492.50
 492.50
 495.00
 495.00
 495.00
 498.00
 498.00
 498.00
 500.00
 503.50
 503.50
 503.50
 503.50
 503.50
 503.50
 508.00
 508.00
 508.00
 510.00
 513.50
 513.50
 513.50
 513.50
 513.50
 513.50
 518.50
 518.50
 518.50
 518.50
 522.50
 522.50
 522.50
 522.50
 525.00
 527.50
 527.50
 527.50
 527.50
 531.50
 531.50
 531.50
 531.50
 537.00
 537.00
 537.00
 537.00
 537.00
 537.00
 537.00
 543.00
 543.00
 543.00
 543.00
 543.00
 546.50
 546.50
 549.50
 549.50
 549.50
 549.50
 552.00
 554.00
 554.00
 554.00
 556.50
 556.50
 560.00
 560.00
 560.00
 560.00
 560.00
 564.00
 564.00
 564.00
 566.00
 567.00
 568.50
 568.50
 570.00
 571.00
 572.50
 572.50
 574.00
 576.00
 576.00
 576.00
 578.00
 579.00
 580.00
 581.00
 582.50
 582.50
 584.00
 585.50
 585.50
 587.00
 588.00
