           1           1
           2           2
           3           3
           4           4
           5           5
           6           6
           7           7
           8           8
           9           9
          10          10
          11          11
          13          13
          16          16
          17          17
          19          19
          22          22
          24          24
          26          26
          27          27
          30          30
          34          34
          36          36
          38          38
          41          41
          45          45
          46          46
          48          48
          51          51
          52          52
          56          56
          57          57
          58          58
          61          61
          64          64
          70          70
          71          71
          72          72
          74          74
          77          77
          81          81
          82          82
          83          83
          84          84
          85          85
          87          87
          88          88
          93          93
          94          94
         100         100
         101         101
         106         106
         107         107
         109         109
         110         110
         112         112
         116         116
         120         120
         121         121
         123         123
         127         127
         128         128
         130         130
         133         133
         136         136
         139         139
         141         141
         143         143
         147         147
         150         150
         153         153
         155         155
         156         156
         159         159
         160         160
         161         161
         163         163
         165         165
         166         166
         167         167
         169         169
         170         170
         171         171
         172         172
         173         173
         175         175
         177         177
         178         178
         184         184
         185         185
         186         186
         187         187
         191         191
         193         193
         194         194
         198         198
         200         200
         201         201
         202         202
         206         206
         207         207
         209         209
         213         213
         215         215
         217         217
         221         221
         223         223
         224         224
         227         227
         228         228
         230         230
         231         231
         233         233
         235         235
         236         236
         238         238
         241         241
         242         242
         243         243
         244         244
         246         246
         247         247
         248         248
         249         249
         251         251
         254         254
         257         257
         259         259
         261         261
         262         262
         263         263
         264         264
         266         266
         267         267
         268         268
         269         269
         271         271
         276         276
         277         277
         280         280
         281         281
         285         285
         288         288
         290         290
         292         292
         293         293
         298         298
         299         299
         300         300
         303         303
         304         304
         308         308
         309         309
         312         312
         314         314
         315         315
         317         317
         318         318
         319         319
         321         321
         322         322
         325         325
         327         327
         330         330
         333         333
         337         337
         341         341
         344         344
         347         347
         348         348
         350         350
         352         352
         354         354
         355         355
         357         357
         360         360
         362         362
         365         365
         366         366
         369         369
         373         373
         374         374
         375         375
         376         376
         378         378
         379         379
         381         381
         382         382
         384         384
         386         386
         387         387
         388         388
         391         391
         394         394
         395         395
         397         397
         398         398
         400         400
         405         405
         409         409
         411         411
         413         413
         415         415
         417         417
         421         421
         425         425
         428         428
         429         429
         434         434
         437         437
         438         438
         447         447
         451         451
         458         458
         461         461
         466         466
         469         469
         474         474
         480         480
         484         484
         488         488
         492         492
         494         494
         497         497
         499         499
         501         501
         503         503
         504         504
         506         506
         507         507
         508         508
         511         511
         512         512
         515         515
         519         519
         521         521
         525         525
         527         527
         529         529
         536         536
         540         540
         541         541
         543         543
         547         547
         553         553
         556         556
         558         558
         560         560
         561         561
         562         562
         563         563
         565         565
         568         568
         570         570
         571         571
         574         574
         577         577
         578         578
         581         581
         582         582
         583         583
         584         584
         585         585
         586         586
         587         587
         588         588
           1           1
           2           2
           3           3
           4           4
           5           5
           6           6
           7           7
           8           8
           9           9
          10          10
          11          11
          12          12
          15          15
          16          16
          18          18
          19          19
          20          20
          21          21
          23          23
          24          24
          25          25
          28          28
          30          30
          31          31
          32          32
          34          34
          37          37
          41          41
          44          44
          45          45
          49          49
          50          50
          51          51
          52          52
          54          54
          55          55
          58          58
          60          60
          66          66
          70          70
          72          72
          73          73
          74          74
          79          79
          83          83
          88          88
          91          91
          95          95
          99          99
         102         102
         103         103
         105         105
         107         107
         109         109
         113         113
         116         116
         119         119
         121         121
         122         122
         123         123
         125         125
         127         127
         128         128
         130         130
         132         132
         134         134
         135         135
         137         137
         139         139
         141         141
         142         142
         145         145
         146         146
         148         148
         150         150
         151         151
         152         152
         154         154
         156         156
         157         157
         158         158
         159         159
         162         162
         165         165
         166         166
         171         171
         173         173
         174         174
         177         177
         180         180
         181         181
         183         183
         185         185
         187         187
         190         190
         191         191
         194         194
         196         196
         200         200
         202         202
         204         204
         210         210
         211         211
         214         214
         215         215
         218         218
         220         220
         222         222
         225         225
         229         229
         231         231
         232         232
         233         233
         235         235
         237         237
         238         238
         239         239
         240         240
         242         242
         243         243
         244         244
         245         245
         246         246
         248         248
         251         251
         252         252
         253         253
         254         254
         256         256
         257         257
         258         258
         259         259
         262         262
         264         264
         266         266
         268         268
         269         269
         271         271
         272         272
         273         273
         275         275
         280         280
         282         282
         284         284
         290         290
         291         291
         292         292
         295         295
         297         297
         298         298
         300         300
         304         304
         307         307
         309         309
         311         311
         312         312
         314         314
         317         317
         320         320
         323         323
         325         325
         327         327
         328         328
         331         331
         336         336
         337         337
         340         340
         342         342
         344         344
         348         348
         349         349
         350         350
         351         351
         354         354
         356         356
         357         357
         361         361
         363         363
         367         367
         371         371
         372         372
         375         375
         376         376
         379         379
         381         381
         384         384
         390         390
         392         392
         393         393
         397         397
         400         400
         403         403
         407         407
         409         409
         411         411
         415         415
         417         417
         423         423
         426         426
         429         429
         434         434
         437         437
         443         443
         450         450
         452         452
         455         455
         457         457
         459         459
         461         461
         466         466
         470         470
         473         473
         479         479
         482         482
         484         484
         485         485
         488         488
         492         492
         494         494
         497         497
         500         500
         501         501
         507         507
         510         510
         511         511
         517         517
         521         521
         525         525
         526         526
         530         530
         534         534
         541         541
         546         546
         548         548
         552         552
         553         553
         556         556
         558         558
         563         563
         566         566
         567         567
         568         568
         570         570
         571         571
         572         572
         574         574
         575         575
         578         578
         579         579
         580         580
         581         581
         582         582
         584         584
         585         585
         587         587
         588         588
