   1.00000000    
   2.00000000    
   3.00000000    
   4.00000000    
   5.00000000    
   6.00000000    
   7.00000000    
   8.00000000    
   9.00000000    
   10.0000000    
   16.0000000    
   26.0000000    
   45.0000000    
   51.0000000    
   56.0000000    
   57.0000000    
   70.0000000    
   71.0000000    
   81.0000000    
   82.0000000    
   83.0000000    
   84.0000000    
   87.0000000    
   93.0000000    
   100.000000    
   106.000000    
   109.000000    
   120.000000    
   127.000000    
   155.000000    
   159.000000    
   160.000000    
   165.000000    
   166.000000    
   169.000000    
   170.000000    
   171.000000    
   172.000000    
   177.000000    
   184.000000    
   185.000000    
   186.000000    
   193.000000    
   200.000000    
   201.000000    
   206.000000    
   223.000000    
   227.000000    
   230.000000    
   235.000000    
   241.000000    
   242.000000    
   243.000000    
   246.000000    
   247.000000    
   248.000000    
   261.000000    
   262.000000    
   263.000000    
   266.000000    
   267.000000    
   268.000000    
   276.000000    
   280.000000    
   292.000000    
   298.000000    
   299.000000    
   303.000000    
   308.000000    
   314.000000    
   317.000000    
   318.000000    
   321.000000    
   347.000000    
   354.000000    
   365.000000    
   373.000000    
   374.000000    
   375.000000    
   378.000000    
   381.000000    
   386.000000    
   387.000000    
   394.000000    
   397.000000    
   428.000000    
   437.000000    
   503.000000    
   506.000000    
   507.000000    
   511.000000    
   540.000000    
   560.000000    
   561.000000    
   562.000000    
   570.000000    
   577.000000    
   581.000000    
   582.000000    
   583.000000    
   584.000000    
   585.000000    
   586.000000    
   587.000000    
   588.000000    
   1.00000000    
   2.00000000    
   3.00000000    
   4.00000000    
   5.00000000    
   6.00000000    
   7.00000000    
   8.00000000    
   9.00000000    
   10.0000000    
   11.0000000    
   15.0000000    
   18.0000000    
   19.0000000    
   20.0000000    
   23.0000000    
   24.0000000    
   30.0000000    
   31.0000000    
   44.0000000    
   49.0000000    
   50.0000000    
   51.0000000    
   54.0000000    
   72.0000000    
   73.0000000    
   102.000000    
   121.000000    
   122.000000    
   127.000000    
   134.000000    
   141.000000    
   145.000000    
   150.000000    
   151.000000    
   156.000000    
   157.000000    
   158.000000    
   165.000000    
   173.000000    
   180.000000    
   190.000000    
   210.000000    
   214.000000    
   231.000000    
   232.000000    
   237.000000    
   238.000000    
   239.000000    
   242.000000    
   243.000000    
   244.000000    
   245.000000    
   251.000000    
   252.000000    
   253.000000    
   256.000000    
   257.000000    
   258.000000    
   268.000000    
   271.000000    
   272.000000    
   290.000000    
   291.000000    
   297.000000    
   311.000000    
   327.000000    
   336.000000    
   348.000000    
   349.000000    
   350.000000    
   356.000000    
   371.000000    
   375.000000    
   392.000000    
   484.000000    
   500.000000    
   510.000000    
   525.000000    
   552.000000    
   566.000000    
   567.000000    
   570.000000    
   571.000000    
   574.000000    
   578.000000    
   579.000000    
   580.000000    
   581.000000    
   584.000000    
   587.000000    
   588.000000    
