          13
          13
          13
          19
          19
          19
          27
          27
          27
          30
          30
          30
          30
          38
          38
          38
          41
          41
          41
          41
          48
          48
          48
          52
          52
          52
          52
          58
          58
          58
          61
          61
          61
          64
          64
          64
          64
          64
          64
          74
          74
          74
          77
          77
          77
          77
          88
          88
          88
          88
          88
          94
          94
          94
          94
          94
          94
         101
         101
         101
         101
         101
         112
         112
         112
         112
         116
         116
         116
         116
         123
         123
         123
         123
         130
         130
         130
         133
         133
         133
         136
         136
         136
         143
         143
         143
         143
         147
         147
         147
         150
         150
         150
         156
         156
         156
         178
         178
         178
         178
         178
         178
         187
         187
         187
         187
         194
         194
         194
         194
         202
         202
         202
         202
         209
         209
         209
         209
         217
         217
         217
         217
         224
         224
         224
         238
         238
         238
         251
         251
         251
         254
         254
         254
         271
         271
         271
         271
         271
         277
         277
         277
         281
         281
         281
         281
         285
         285
         285
         293
         293
         293
         293
         293
         300
         300
         300
         304
         304
         304
         304
         309
         309
         309
         322
         322
         322
         327
         327
         327
         330
         330
         330
         333
         333
         333
         333
         337
         337
         337
         337
         341
         341
         341
         344
         344
         344
         357
         357
         357
         362
         362
         362
         366
         366
         366
         369
         369
         369
         369
         388
         388
         388
         391
         391
         391
         400
         400
         400
         400
         400
         405
         405
         405
         405
         417
         417
         417
         417
         421
         421
         421
         421
         425
         425
         425
         429
         429
         429
         429
         429
         434
         434
         434
         438
         438
         438
         438
         438
         438
         438
         438
         438
         447
         447
         447
         447
         451
         451
         451
         451
         451
         451
         451
         458
         458
         458
         461
         461
         461
         461
         461
         466
         466
         466
         469
         469
         469
         469
         469
         474
         474
         474
         474
         474
         474
         480
         480
         480
         480
         484
         484
         484
         484
         488
         488
         488
         488
         494
         494
         494
         508
         508
         508
         512
         512
         512
         515
         515
         515
         515
         521
         521
         521
         521
         529
         529
         529
         529
         529
         529
         529
         536
         536
         536
         536
         543
         543
         543
         543
         547
         547
         547
         547
         547
         547
         553
         553
         553
         565
         565
         565
         571
         571
         571
         574
         574
         574
         578
         578
         578
          12
          12
          12
          25
          25
          25
          34
          34
          34
          37
          37
          37
          37
          41
          41
          41
          45
          45
          45
          45
          55
          55
          55
          60
          60
          60
          60
          60
          60
          66
          66
          66
          66
          74
          74
          74
          74
          74
          79
          79
          79
          79
          83
          83
          83
          83
          83
          88
          88
          88
          91
          91
          91
          91
          95
          95
          95
          95
          99
          99
          99
         109
         109
         109
         109
         113
         113
         113
         116
         116
         116
         142
         142
         142
         159
         159
         159
         162
         162
         162
         166
         166
         166
         166
         166
         174
         174
         174
         177
         177
         177
         187
         187
         187
         191
         191
         191
         196
         196
         196
         196
         204
         204
         204
         204
         204
         204
         211
         211
         211
         215
         215
         215
         222
         222
         222
         225
         225
         225
         225
         248
         248
         248
         259
         259
         259
         275
         275
         275
         275
         275
         284
         284
         284
         284
         284
         284
         292
         292
         292
         300
         300
         300
         300
         304
         304
         304
         314
         314
         314
         317
         317
         317
         320
         320
         320
         328
         328
         328
         331
         331
         331
         331
         331
         337
         337
         337
         344
         344
         344
         344
         351
         351
         351
         357
         357
         357
         357
         363
         363
         363
         363
         367
         367
         367
         367
         372
         372
         372
         376
         376
         376
         381
         381
         381
         384
         384
         384
         384
         384
         384
         393
         393
         393
         393
         397
         397
         397
         400
         400
         400
         403
         403
         403
         403
         411
         411
         411
         411
         417
         417
         417
         417
         417
         417
         423
         423
         423
         426
         426
         426
         429
         429
         429
         429
         429
         434
         434
         434
         437
         437
         437
         437
         437
         437
         443
         443
         443
         443
         443
         443
         443
         452
         452
         452
         461
         461
         461
         461
         461
         466
         466
         466
         466
         470
         470
         470
         473
         473
         473
         473
         473
         473
         479
         479
         479
         485
         485
         485
         488
         488
         488
         488
         494
         494
         494
         497
         497
         497
         501
         501
         501
         501
         501
         501
         507
         507
         507
         511
         511
         511
         511
         511
         511
         517
         517
         517
         517
         521
         521
         521
         521
         526
         526
         526
         526
         530
         530
         530
         530
         534
         534
         534
         534
         534
         534
         534
         541
         541
         541
         541
         541
         548
         548
         548
         548
         553
         553
         553
         558
         558
         558
         558
         558
         563
         563
         563
         575
         575
         575
