    2
    4
    8
   10
   14
   16
   20
   22
   26
   28
   32
   34
   38
   40
   44
   46
   50
   52
   56
   58
   62
   64
   68
   70
   74
   76
   80
   82
   86
   88
   92
   94
   98
  100
  104
  106
  110
  112
  116
  118
  122
  124
  128
  130
  134
  136
  140
  142
  146
  148
  152
  154
  158
  160
  164
  166
  170
  172
  176
  178
  182
  184
  188
  190
  194
  196
  200
  202
  206
  208
  212
  214
  218
  220
  224
  226
  230
  232
  236
  238
  242
  244
  248
  250
  254
  256
  260
  262
  266
  268
  272
  274
  278
  280
  284
  286
  290
  292
  296
  298
  302
  304
  308
  310
  314
  316
  320
  322
  326
  328
  332
  334
  338
  340
  344
  346
  350
  352
  356
  358
  362
  364
  368
  370
  374
  376
  380
  382
  386
  388
  392
  394
  398
  400
  404
  406
  410
  412
  416
  418
  422
  424
  428
  430
  434
  436
  440
  442
  446
  448
  452
  454
  458
  460
  464
  466
  470
  472
  476
  478
  482
  484
  488
  490
  494
  496
  500
  502
  506
  508
  512
  514
  518
  520
  524
  526
  530
  532
  536
  538
  542
  544
  548
  550
  554
  556
  560
  562
  566
  568
  572
  574
  578
  580
  584
  586
  590
  592
  596
  598
  602
  604
  608
  610
  614
  616
  620
  622
  626
  628
  632
  634
  638
  640
  644
  646
  650
  652
  656
  658
  662
  664
  668
  670
  674
  676
  680
  682
  686
  688
  692
  694
  698
  700
  704
  706
  710
  712
  716
  718
  722
  724
  728
  730
  734
  736
  740
  742
  746
  748
  752
  754
  758
  760
  764
  766
  770
  772
  776
  778
  782
  784
  788
  790
  794
  796
  800
  802
  806
  808
  812
  814
  818
  820
  824
  826
  830
  832
  836
  838
  842
  844
  848
  850
  854
  856
  860
  862
  866
  868
  872
  874
  878
  880
  884
  886
  890
  892
  896
  898
  902
  904
  908
  910
  914
  916
  920
  922
  926
  928
  932
  934
  938
  940
  944
  946
  950
  952
  956
  958
  962
  964
  968
  970
  974
  976
  980
  982
  986
  988
  992
  994
  998
 1000
 1004
 1006
 1010
 1012
 1016
 1018
 1022
 1024
 1028
 1030
 1034
 1036
 1040
 1042
 1046
 1048
 1052
 1054
 1058
 1060
 1064
 1066
 1070
 1072
 1076
 1078
 1082
 1084
 1088
 1090
 1094
 1096
 1100
 1102
 1106
 1108
 1112
 1114
 1118
 1120
 1124
 1126
 1130
 1132
 1136
 1138
 1142
 1144
 1148
 1150
 1154
 1156
 1160
 1162
 1166
 1168
 1172
 1174
 1178
 1180
 1184
 1186
 1190
 1192
 1196
 1198
 1202
 1204
 1208
 1210
 1214
 1216
 1220
 1222
 1226
 1228
 1232
 1234
 1238
 1240
 1244
 1246
 1250
 1252
 1256
 1258
 1262
 1264
 1268
 1270
 1274
 1276
 1280
 1282
 1286
 1288
 1292
 1294
 1298
 1300
 1304
 1306
 1310
 1312
 1316
 1318
 1322
 1324
 1328
 1330
 1334
 1336
 1340
 1342
 1346
 1348
 1352
 1354
 1358
 1360
 1364
 1366
 1370
 1372
 1376
 1378
 1382
 1384
 1388
 1390
 1394
 1396
 1400
 1402
 1406
 1408
 1412
 1414
 1418
 1420
 1424
 1426
 1430
 1432
 1436
 1438
 1442
 1444
 1448
 1450
 1454
 1456
 1460
 1462
 1466
 1468
 1472
 1474
 1478
 1480
 1484
 1486
 1490
 1492
 1496
 1498
 1502
 1504
 1508
 1510
 1514
 1516
 1520
 1522
 1526
 1528
 1532
 1534
 1538
 1540
 1544
 1546
 1550
 1552
 1556
 1558
 1562
 1564
 1568
 1570
 1574
 1576
 1580
 1582
 1586
 1588
 1592
 1594
 1598
 1600
 1604
 1606
 1610
 1612
 1616
 1618
 1622
 1624
 1628
 1630
 1634
 1636
 1640
 1642
 1646
 1648
 1652
 1654
 1658
 1660
 1664
 1666
 1670
 1672
 1676
 1678
 1682
 1684
 1688
 1690
 1694
 1696
 1700
 1702
 1706
 1708
 1712
 1714
 1718
 1720
 1724
 1726
 1730
 1732
 1736
 1738
 1742
 1744
 1748
 1750
 1754
 1756
 1760
 1762
 1766
 1768
 1772
 1774
 1778
 1780
 1784
 1786
 1790
 1792
 1796
 1798
 1802
 1804
 1808
 1810
 1814
 1816
 1820
 1822
 1826
 1828
 1832
 1834
 1838
 1840
 1844
 1846
 1850
 1852
 1856
 1858
 1862
 1864
 1868
 1870
 1874
 1876
 1880
 1882
 1886
 1888
 1892
 1894
 1898
 1900
 1904
 1906
 1910
 1912
 1916
 1918
 1922
 1924
 1928
 1930
 1934
 1936
 1940
 1942
 1946
 1948
 1952
 1954
 1958
 1960
 1964
 1966
 1970
 1972
 1976
 1978
 1982
 1984
 1988
 1990
 1994
 1996
 2000
 2002
 2006
 2008
 2012
 2014
 2018
 2020
 2024
 2026
 2030
 2032
 2036
 2038
 2042
 2044
 2048
 2050
 2054
 2056
 2060
 2062
 2066
 2068
 2072
 2074
 2078
 2080
 2084
 2086
 2090
 2092
 2096
 2098
 2102
 2104
 2108
 2110
 2114
 2116
 2120
 2122
 2126
 2128
 2132
 2134
 2138
 2140
 2144
 2146
 2150
 2152
 2156
 2158
 2162
 2164
 2168
 2170
 2174
 2176
 2180
 2182
 2186
 2188
 2192
 2194
 2198
 2200
 2204
 2206
 2210
 2212
 2216
 2218
 2222
 2224
 2228
 2230
 2234
 2236
 2240
 2242
 2246
 2248
 2252
 2254
 2258
 2260
 2264
 2266
 2270
 2272
 2276
 2278
 2282
 2284
 2288
 2290
 2294
 2296
 2300
 2302
 2306
 2308
 2312
 2314
 2318
 2320
 2324
 2326
 2330
 2332
 2336
 2338
 2342
 2344
 2348
 2350
 2354
 2356
 2360
 2362
 2366
 2368
 2372
 2374
 2378
 2380
 2384
 2386
 2390
 2392
 2396
 2398
 2402
 2404
 2408
 2410
 2414
 2416
 2420
 2422
 2426
 2428
 2432
 2434
 2438
 2440
 2444
 2446
 2450
 2452
 2456
 2458
 2462
 2464
 2468
 2470
 2474
 2476
 2480
 2482
 2486
 2488
 2492
 2494
 2498
 2500
 2504
 2506
 2510
 2512
 2516
 2518
 2522
 2524
 2528
 2530
 2534
 2536
 2540
 2542
 2546
 2548
 2552
 2554
 2558
 2560
 2564
 2566
 2570
 2572
 2576
 2578
 2582
 2584
 2588
 2590
 2594
 2596
 2600
 2602
 2606
 2608
 2612
 2614
 2618
 2620
 2624
 2626
 2630
 2632
 2636
 2638
 2642
 2644
 2648
 2650
 2654
 2656
 2660
 2662
 2666
 2668
 2672
 2674
 2678
 2680
 2684
 2686
 2690
 2692
 2696
 2698
 2702
 2704
 2708
 2710
 2714
 2716
 2720
 2722
 2726
 2728
 2732
 2734
 2738
 2740
 2744
 2746
 2750
 2752
 2756
 2758
 2762
 2764
 2768
 2770
 2774
 2776
 2780
 2782
 2786
 2788
 2792
 2794
 2798
 2800
 2804
 2806
 2810
 2812
 2816
 2818
 2822
 2824
 2828
 2830
 2834
 2836
 2840
 2842
 2846
 2848
 2852
 2854
 2858
 2860
 2864
 2866
 2870
 2872
 2876
 2878
 2882
 2884
 2888
 2890
 2894
 2896
 2900
 2902
 2906
 2908
 2912
 2914
 2918
 2920
 2924
 2926
 2930
 2932
 2936
 2938
 2942
 2944
 2948
 2950
 2954
 2956
 2960
 2962
 2966
 2968
 2972
 2974
 2978
 2980
 2984
 2986
 2990
 2992
 2996
 2998
 3002
 3004
 3008
 3010
 3014
 3016
 3020
 3022
 3026
 3028
 3032
 3034
 3038
 3040
 3044
 3046
 3050
 3052
 3056
 3058
 3062
 3064
 3068
 3070
 3074
 3076
 3080
 3082
 3086
 3088
 3092
 3094
 3098
 3100
 3104
 3106
 3110
 3112
 3116
 3118
 3122
 3124
 3128
 3130
 3134
 3136
 3140
 3142
 3146
 3148
 3152
 3154
 3158
 3160
 3164
 3166
 3170
 3172
 3176
 3178
 3182
 3184
 3188
 3190
 3194
 3196
 3200
 3202
 3206
 3208
 3212
 3214
 3218
 3220
 3224
 3226
 3230
 3232
 3236
 3238
 3242
 3244
 3248
 3250
 3254
 3256
 3260
 3262
 3266
 3268
 3272
 3274
 3278
 3280
 3284
 3286
 3290
 3292
 3296
 3298
 3302
 3304
 3308
 3310
 3314
 3316
 3320
 3322
 3326
 3328
 3332
 3334
 3338
 3340
 3344
 3346
 3350
 3352
 3356
 3358
 3362
 3364
 3368
 3370
 3374
 3376
 3380
 3382
 3386
 3388
 3392
 3394
 3398
 3400
 3404
 3406
 3410
 3412
 3416
 3418
 3422
 3424
 3428
 3430
 3434
 3436
 3440
 3442
 3446
 3448
 3452
 3454
 3458
 3460
 3464
 3466
 3470
 3472
 3476
 3478
 3482
 3484
 3488
 3490
 3494
 3496
 3500
 3502
 3506
 3508
 3512
 3514
 3518
 3520
 3524
 3526
 3530
 3532
 3536
 3538
 3542
 3544
 3548
 3550
 3554
 3556
 3560
 3562
 3566
 3568
 3572
 3574
 3578
 3580
 3584
 3586
 3590
 3592
 3596
 3598
 3602
 3604
 3608
 3610
 3614
 3616
 3620
 3622
 3626
 3628
 3632
 3634
 3638
 3640
 3644
 3646
 3650
 3652
 3656
 3658
 3662
 3664
 3668
 3670
 3674
 3676
 3680
 3682
 3686
 3688
 3692
 3694
 3698
 3700
 3704
 3706
 3710
 3712
 3716
 3718
 3722
 3724
 3728
 3730
 3734
 3736
 3740
 3742
 3746
 3748
 3752
 3754
 3758
 3760
 3764
 3766
 3770
 3772
 3776
 3778
 3782
 3784
 3788
 3790
 3794
 3796
 3800
 3802
 3806
 3808
 3812
 3814
 3818
 3820
 3824
 3826
 3830
 3832
 3836
 3838
 3842
 3844
 3848
 3850
 3854
 3856
 3860
 3862
 3866
 3868
 3872
 3874
 3878
 3880
 3884
 3886
 3890
 3892
 3896
 3898
 3902
 3904
 3908
 3910
 3914
 3916
 3920
 3922
 3926
 3928
 3932
 3934
 3938
 3940
 3944
 3946
 3950
 3952
 3956
 3958
 3962
 3964
 3968
 3970
 3974
 3976
 3980
 3982
 3986
 3988
 3992
 3994
 3998
 4000
 4004
 4006
 4010
 4012
 4016
 4018
 4022
 4024
 4028
 4030
 4034
 4036
 4040
 4042
 4046
 4048
 4052
 4054
 4058
 4060
 4064
 4066
 4070
 4072
 4076
 4078
 4082
 4084
 4088
 4090
 4094
 4096
 4100
 4102
 4106
 4108
 4112
 4114
 4118
 4120
 4124
 4126
 4130
 4132
 4136
 4138
 4142
 4144
 4148
 4150
 4154
 4156
 4160
 4162
 4166
 4168
 4172
 4174
 4178
 4180
 4184
 4186
 4190
 4192
 4196
 4198
 4202
 4204
 4208
 4210
 4214
 4216
 4220
 4222
 4226
 4228
 4232
 4234
 4238
 4240
 4244
 4246
 4250
 4252
 4256
 4258
 4262
 4264
 4268
 4270
 4274
 4276
 4280
 4282
 4286
 4288
 4292
 4294
 4298
 4300
 4304
 4306
 4310
 4312
 4316
 4318
 4322
 4324
 4328
 4330
 4334
 4336
 4340
 4342
 4346
 4348
 4352
 4354
 4358
 4360
 4364
 4366
 4370
 4372
 4376
 4378
 4382
 4384
 4388
 4390
 4394
 4396
 4400
 4402
 4406
 4408
 4412
 4414
 4418
 4420
 4424
 4426
 4430
 4432
 4436
 4438
 4442
 4444
 4448
 4450
 4454
 4456
 4460
 4462
 4466
 4468
 4472
 4474
 4478
 4480
 4484
 4486
 4490
 4492
 4496
 4498
 4502
 4504
 4508
 4510
 4514
 4516
 4520
 4522
 4526
 4528
 4532
 4534
 4538
 4540
 4544
 4546
 4550
 4552
 4556
 4558
 4562
 4564
 4568
 4570
 4574
 4576
 4580
 4582
 4586
 4588
 4592
 4594
 4598
 4600
 4604
 4606
 4610
 4612
 4616
 4618
 4622
 4624
 4628
 4630
 4634
 4636
 4640
 4642
 4646
 4648
 4652
 4654
 4658
 4660
 4664
 4666
 4670
 4672
 4676
 4678
 4682
 4684
 4688
 4690
 4694
 4696
 4700
 4702
 4706
 4708
 4712
 4714
 4718
 4720
 4724
 4726
 4730
 4732
 4736
 4738
 4742
 4744
 4748
 4750
 4754
 4756
 4760
 4762
 4766
 4768
 4772
 4774
 4778
 4780
 4784
 4786
 4790
 4792
 4796
 4798
 4802
 4804
 4808
 4810
 4814
 4816
 4820
 4822
 4826
 4828
 4832
 4834
 4838
 4840
 4844
 4846
 4850
 4852
 4856
 4858
 4862
 4864
 4868
 4870
 4874
 4876
 4880
 4882
 4886
 4888
 4892
 4894
 4898
 4900
 4904
 4906
 4910
 4912
 4916
 4918
 4922
 4924
 4928
 4930
 4934
 4936
 4940
 4942
 4946
 4948
 4952
 4954
 4958
 4960
 4964
 4966
 4970
 4972
 4976
 4978
 4982
 4984
 4988
 4990
 4994
 4996
 5000
 5002
 5006
 5008
 5012
 5014
 5018
 5020
 5024
 5026
 5030
 5032
 5036
 5038
 5042
 5044
 5048
 5050
 5054
 5056
 5060
 5062
 5066
 5068
 5072
 5074
 5078
 5080
 5084
 5086
 5090
 5092
 5096
 5098
 5102
 5104
 5108
 5110
 5114
 5116
 5120
 5122
 5126
 5128
 5132
 5134
 5138
 5140
 5144
 5146
 5150
 5152
 5156
 5158
 5162
 5164
 5168
 5170
 5174
 5176
 5180
 5182
 5186
 5188
 5192
 5194
 5198
 5200
 5204
 5206
 5210
 5212
 5216
 5218
 5222
 5224
 5228
 5230
 5234
 5236
 5240
 5242
 5246
 5248
 5252
 5254
 5258
 5260
 5264
 5266
 5270
 5272
 5276
 5278
 5282
 5284
 5288
 5290
 5294
 5296
 5300
 5302
 5306
 5308
 5312
 5314
 5318
 5320
 5324
 5326
 5330
 5332
 5336
 5338
 5342
 5344
 5348
 5350
 5354
 5356
 5360
 5362
 5366
 5368
 5372
 5374
 5378
 5380
 5384
 5386
 5390
 5392
 5396
 5398
 5402
 5404
 5408
 5410
 5414
 5416
 5420
 5422
 5426
 5428
 5432
 5434
 5438
 5440
 5444
 5446
 5450
 5452
 5456
 5458
 5462
 5464
 5468
 5470
 5474
 5476
 5480
 5482
 5486
 5488
 5492
 5494
 5498
 5500
 5504
 5506
 5510
 5512
 5516
 5518
 5522
 5524
 5528
 5530
 5534
 5536
 5540
 5542
 5546
 5548
 5552
 5554
 5558
 5560
 5564
 5566
 5570
 5572
 5576
 5578
 5582
 5584
 5588
 5590
 5594
 5596
 5600
 5602
 5606
 5608
 5612
 5614
 5618
 5620
 5624
 5626
 5630
 5632
 5636
 5638
 5642
 5644
 5648
 5650
 5654
 5656
 5660
 5662
 5666
 5668
 5672
 5674
 5678
 5680
 5684
 5686
 5690
 5692
 5696
 5698
 5702
 5704
 5708
 5710
 5714
 5716
 5720
 5722
 5726
 5728
 5732
 5734
 5738
 5740
 5744
 5746
 5750
 5752
 5756
 5758
 5762
 5764
 5768
 5770
 5774
 5776
 5780
 5782
 5786
 5788
 5792
 5794
 5798
 5800
 5804
 5806
 5810
 5812
 5816
 5818
 5822
 5824
 5828
 5830
 5834
 5836
 5840
 5842
 5846
 5848
 5852
 5854
 5858
 5860
 5864
 5866
 5870
 5872
 5876
 5878
 5882
 5884
 5888
 5890
 5894
 5896
 5900
 5902
 5906
 5908
 5912
 5914
 5918
 5920
 5924
 5926
 5930
 5932
 5936
 5938
 5942
 5944
 5948
 5950
 5954
 5956
 5960
 5962
 5966
 5968
 5972
 5974
 5978
 5980
 5984
 5986
 5990
 5992
 5996
 5998
 6002
 6004
 6008
 6010
 6014
 6016
 6020
 6022
 6026
 6028
 6032
 6034
 6038
 6040
 6044
 6046
 6050
 6052
 6056
 6058
 6062
 6064
 6068
 6070
 6074
 6076
 6080
 6082
 6086
 6088
 6092
 6094
 6098
 6100
 6104
 6106
 6110
 6112
 6116
 6118
 6122
 6124
 6128
 6130
 6134
 6136
 6140
 6142
 6146
 6148
 6152
 6154
 6158
 6160
 6164
 6166
 6170
 6172
 6176
 6178
 6182
 6184
 6188
 6190
 6194
 6196
 6200
 6202
 6206
 6208
 6212
 6214
 6218
 6220
 6224
 6226
 6230
 6232
 6236
 6238
 6242
 6244
 6248
 6250
 6254
 6256
 6260
 6262
 6266
 6268
 6272
 6274
 6278
 6280
 6284
 6286
 6290
 6292
 6296
 6298
 6302
 6304
 6308
 6310
 6314
 6316
 6320
 6322
 6326
 6328
 6332
 6334
 6338
 6340
 6344
 6346
 6350
 6352
 6356
 6358
 6362
 6364
 6368
 6370
 6374
 6376
 6380
 6382
 6386
 6388
 6392
 6394
 6398
 6400
 6404
 6406
 6410
 6412
 6416
 6418
 6422
 6424
 6428
 6430
 6434
 6436
 6440
 6442
 6446
 6448
 6452
 6454
 6458
 6460
 6464
 6466
 6470
 6472
 6476
 6478
 6482
 6484
 6488
 6490
 6494
 6496
 6500
 6502
 6506
 6508
 6512
 6514
 6518
 6520
 6524
 6526
 6530
 6532
 6536
 6538
 6542
 6544
 6548
 6550
 6554
 6556
 6560
 6562
 6566
 6568
 6572
 6574
 6578
 6580
 6584
 6586
 6590
 6592
 6596
 6598
 6602
 6604
 6608
 6610
 6614
 6616
 6620
 6622
 6626
 6628
 6632
 6634
 6638
 6640
 6644
 6646
 6650
 6652
 6656
 6658
 6662
 6664
 6668
 6670
 6674
 6676
 6680
 6682
 6686
 6688
 6692
 6694
 6698
 6700
 6704
 6706
 6710
 6712
 6716
 6718
 6722
 6724
 6728
 6730
 6734
 6736
 6740
 6742
 6746
 6748
 6752
 6754
 6758
 6760
 6764
 6766
 6770
 6772
 6776
 6778
 6782
 6784
 6788
 6790
 6794
 6796
 6800
 6802
 6806
 6808
 6812
 6814
 6818
 6820
 6824
 6826
 6830
 6832
 6836
 6838
 6842
 6844
 6848
 6850
 6854
 6856
 6860
 6862
 6866
 6868
 6872
 6874
 6878
 6880
 6884
 6886
 6890
 6892
 6896
 6898
 6902
 6904
 6908
 6910
 6914
 6916
 6920
 6922
 6926
 6928
 6932
 6934
 6938
 6940
 6944
 6946
 6950
 6952
 6956
 6958
 6962
 6964
 6968
 6970
 6974
 6976
 6980
 6982
 6986
 6988
 6992
 6994
 6998
 7000
 7004
 7006
 7010
 7012
 7016
 7018
 7022
 7024
 7028
 7030
 7034
 7036
 7040
 7042
 7046
 7048
 7052
 7054
 7058
 7060
 7064
 7066
 7070
 7072
 7076
 7078
 7082
 7084
 7088
 7090
 7094
 7096
 7100
 7102
 7106
 7108
 7112
 7114
 7118
 7120
 7124
 7126
 7130
 7132
 7136
 7138
 7142
 7144
 7148
 7150
 7154
 7156
 7160
 7162
 7166
 7168
 7172
 7174
 7178
 7180
 7184
 7186
 7190
 7192
 7196
 7198
 7202
 7204
 7208
 7210
 7214
 7216
 7220
 7222
 7226
 7228
 7232
 7234
 7238
 7240
 7244
 7246
 7250
 7252
 7256
 7258
 7262
 7264
 7268
 7270
 7274
 7276
 7280
 7282
 7286
 7288
 7292
 7294
 7298
 7300
 7304
 7306
 7310
 7312
 7316
 7318
 7322
 7324
 7328
 7330
 7334
 7336
 7340
 7342
 7346
 7348
 7352
 7354
 7358
 7360
 7364
 7366
 7370
 7372
 7376
 7378
 7382
 7384
 7388
 7390
 7394
 7396
 7400
 7402
 7406
 7408
 7412
 7414
 7418
 7420
 7424
 7426
 7430
 7432
 7436
 7438
 7442
 7444
 7448
 7450
 7454
 7456
 7460
 7462
 7466
 7468
 7472
 7474
 7478
 7480
 7484
 7486
 7490
 7492
 7496
 7498
 7502
 7504
 7508
 7510
 7514
 7516
 7520
 7522
 7526
 7528
 7532
 7534
 7538
 7540
 7544
 7546
 7550
 7552
 7556
 7558
 7562
 7564
 7568
 7570
 7574
 7576
 7580
 7582
 7586
 7588
 7592
 7594
 7598
 7600
 7604
 7606
 7610
 7612
 7616
 7618
 7622
 7624
 7628
 7630
 7634
 7636
 7640
 7642
 7646
 7648
 7652
 7654
 7658
 7660
 7664
 7666
 7670
 7672
 7676
 7678
 7682
 7684
 7688
 7690
 7694
 7696
 7700
 7702
 7706
 7708
 7712
 7714
 7718
 7720
 7724
 7726
 7730
 7732
 7736
 7738
 7742
 7744
 7748
 7750
 7754
 7756
 7760
 7762
 7766
 7768
 7772
 7774
 7778
 7780
 7784
 7786
 7790
 7792
 7796
 7798
 7802
 7804
 7808
 7810
 7814
 7816
 7820
 7822
 7826
 7828
 7832
 7834
 7838
 7840
 7844
 7846
 7850
 7852
 7856
 7858
 7862
 7864
 7868
 7870
 7874
 7876
 7880
 7882
 7886
 7888
 7892
 7894
 7898
 7900
 7904
 7906
 7910
 7912
 7916
 7918
 7922
 7924
 7928
 7930
 7934
 7936
 7940
 7942
 7946
 7948
 7952
 7954
 7958
 7960
 7964
 7966
 7970
 7972
 7976
 7978
 7982
 7984
 7988
 7990
 7994
 7996
 8000
 8002
 8006
 8008
 8012
 8014
 8018
 8020
 8024
 8026
 8030
 8032
 8036
 8038
 8042
 8044
 8048
 8050
 8054
 8056
 8060
 8062
 8066
 8068
 8072
 8074
 8078
 8080
 8084
 8086
 8090
 8092
 8096
 8098
 8102
 8104
 8108
 8110
 8114
 8116
 8120
 8122
 8126
 8128
 8132
 8134
 8138
 8140
 8144
 8146
 8150
 8152
 8156
 8158
 8162
 8164
 8168
 8170
 8174
 8176
 8180
 8182
 8186
 8188
 8192
 8194
 8198
 8200
 8204
 8206
 8210
 8212
 8216
 8218
 8222
 8224
 8228
 8230
 8234
 8236
 8240
 8242
 8246
 8248
 8252
 8254
 8258
 8260
 8264
 8266
 8270
 8272
 8276
 8278
 8282
 8284
 8288
 8290
 8294
 8296
 8300
 8302
 8306
 8308
 8312
 8314
 8318
 8320
 8324
 8326
 8330
 8332
 8336
 8338
 8342
 8344
 8348
 8350
 8354
 8356
 8360
 8362
 8366
 8368
 8372
 8374
 8378
 8380
 8384
 8386
 8390
 8392
 8396
 8398
 8402
 8404
 8408
 8410
 8414
 8416
 8420
 8422
 8426
 8428
 8432
 8434
 8438
 8440
 8444
 8446
 8450
 8452
 8456
 8458
 8462
 8464
 8468
 8470
 8474
 8476
 8480
 8482
 8486
 8488
 8492
 8494
 8498
 8500
 8504
 8506
 8510
 8512
 8516
 8518
 8522
 8524
 8528
 8530
 8534
 8536
 8540
 8542
 8546
 8548
 8552
 8554
 8558
 8560
 8564
 8566
 8570
 8572
 8576
 8578
 8582
 8584
 8588
 8590
 8594
 8596
 8600
 8602
 8606
 8608
 8612
 8614
 8618
 8620
 8624
 8626
 8630
 8632
 8636
 8638
 8642
 8644
 8648
 8650
 8654
 8656
 8660
 8662
 8666
 8668
 8672
 8674
 8678
 8680
 8684
 8686
 8690
 8692
 8696
 8698
 8702
 8704
 8708
 8710
 8714
 8716
 8720
 8722
 8726
 8728
 8732
 8734
 8738
 8740
 8744
 8746
 8750
 8752
 8756
 8758
 8762
 8764
 8768
 8770
 8774
 8776
 8780
 8782
 8786
 8788
 8792
 8794
 8798
 8800
 8804
 8806
 8810
 8812
 8816
 8818
 8822
 8824
 8828
 8830
 8834
 8836
 8840
 8842
 8846
 8848
 8852
 8854
 8858
 8860
 8864
 8866
 8870
 8872
 8876
 8878
 8882
 8884
 8888
 8890
 8894
 8896
 8900
 8902
 8906
 8908
 8912
 8914
 8918
 8920
 8924
 8926
 8930
 8932
 8936
 8938
 8942
 8944
 8948
 8950
 8954
 8956
 8960
 8962
 8966
 8968
 8972
 8974
 8978
 8980
 8984
 8986
 8990
 8992
 8996
 8998
 9002
 9004
 9008
 9010
 9014
 9016
 9020
 9022
 9026
 9028
 9032
 9034
 9038
 9040
 9044
 9046
 9050
 9052
 9056
 9058
 9062
 9064
 9068
 9070
 9074
 9076
 9080
 9082
 9086
 9088
 9092
 9094
 9098
 9100
 9104
 9106
 9110
 9112
 9116
 9118
 9122
 9124
 9128
 9130
 9134
 9136
 9140
 9142
 9146
 9148
 9152
 9154
 9158
 9160
 9164
 9166
 9170
 9172
 9176
 9178
 9182
 9184
 9188
 9190
 9194
 9196
 9200
 9202
 9206
 9208
 9212
 9214
 9218
 9220
 9224
 9226
 9230
 9232
 9236
 9238
 9242
 9244
 9248
 9250
 9254
 9256
 9260
 9262
 9266
 9268
 9272
 9274
 9278
 9280
 9284
 9286
 9290
 9292
 9296
 9298
 9302
 9304
 9308
 9310
 9314
 9316
 9320
 9322
 9326
 9328
 9332
 9334
 9338
 9340
 9344
 9346
 9350
 9352
 9356
 9358
 9362
 9364
 9368
 9370
 9374
 9376
 9380
 9382
 9386
 9388
 9392
 9394
 9398
 9400
 9404
 9406
 9410
 9412
 9416
 9418
 9422
 9424
 9428
 9430
 9434
 9436
 9440
 9442
 9446
 9448
 9452
 9454
 9458
 9460
 9464
 9466
 9470
 9472
 9476
 9478
 9482
 9484
 9488
 9490
 9494
 9496
 9500
 9502
 9506
 9508
 9512
 9514
 9518
 9520
 9524
 9526
 9530
 9532
 9536
 9538
 9542
 9544
 9548
 9550
 9554
 9556
 9560
 9562
 9566
 9568
 9572
 9574
 9578
 9580
 9584
 9586
 9590
 9592
 9596
 9598
 9602
 9604
 9608
 9610
 9614
 9616
 9620
 9622
 9626
 9628
 9632
 9634
 9638
 9640
 9644
 9646
 9650
 9652
 9656
 9658
 9662
 9664
 9668
 9670
 9674
 9676
 9680
 9682
 9686
 9688
 9692
 9694
 9698
 9700
 9704
 9706
 9710
 9712
 9716
 9718
 9722
 9724
 9728
 9730
 9734
 9736
 9740
 9742
 9746
 9748
 9752
 9754
 9758
 9760
 9764
 9766
 9770
 9772
 9776
 9778
 9782
 9784
 9788
 9790
 9794
 9796
 9800
 9802
 9806
 9808
 9812
 9814
 9818
 9820
 9824
 9826
 9830
 9832
 9836
 9838
 9842
 9844
 9848
 9850
 9854
 9856
 9860
 9862
 9866
 9868
 9872
 9874
 9878
 9880
 9884
 9886
 9890
 9892
 9896
 9898
 9902
 9904
 9908
 9910
 9914
 9916
 9920
 9922
 9926
 9928
 9932
 9934
 9938
 9940
 9944
 9946
 9950
 9952
 9956
 9958
 9962
 9964
 9968
 9970
 9974
 9976
 9980
 9982
 9986
 9988
 9992
 9994
 9998
10000
