      2bae        3bae    6bae
--------------------------------------------------

       2       4       3       6
       8      10       9      12
      14      16      15      18
      20      22      21      24
      26      28      27      30
      32      34      33      36
      38      40      39      42
      44      46      45      48
      50      52      51      54
      56      58      57      60
      62      64      63      66
      68      70      69      72
      74      76      75      78
      80      82      81      84
      86      88      87      90
      92      94      93      96
      98     100      99     102
     104     106     105     108
     110     112     111     114
     116     118     117     120
     122     124     123     126
     128     130     129     132
     134     136     135     138
     140     142     141     144
     146     148     147     150
     152     154     153     156
     158     160     159     162
     164     166     165     168
     170     172     171     174
     176     178     177     180
     182     184     183     186
     188     190     189     192
     194     196     195     198
     200     202     201     204
     206     208     207     210
     212     214     213     216
     218     220     219     222
     224     226     225     228
     230     232     231     234
     236     238     237     240
     242     244     243     246
     248     250     249     252
     254     256     255     258
     260     262     261     264
     266     268     267     270
     272     274     273     276
     278     280     279     282
     284     286     285     288
     290     292     291     294
     296     298     297     300
     302     304     303     306
     308     310     309     312
     314     316     315     318
     320     322     321     324
     326     328     327     330
     332     334     333     336
     338     340     339     342
     344     346     345     348
     350     352     351     354
     356     358     357     360
     362     364     363     366
     368     370     369     372
     374     376     375     378
     380     382     381     384
     386     388     387     390
     392     394     393     396
     398     400     399     402
     404     406     405     408
     410     412     411     414
     416     418     417     420
     422     424     423     426
     428     430     429     432
     434     436     435     438
     440     442     441     444
     446     448     447     450
     452     454     453     456
     458     460     459     462
     464     466     465     468
     470     472     471     474
     476     478     477     480
     482     484     483     486
     488     490     489     492
     494     496     495     498
     500     502     501     504
     506     508     507     510
     512     514     513     516
     518     520     519     522
     524     526     525     528
     530     532     531     534
     536     538     537     540
     542     544     543     546
     548     550     549     552
     554     556     555     558
     560     562     561     564
     566     568     567     570
     572     574     573     576
     578     580     579     582
     584     586     585     588
     590     592     591     594
     596     598     597     600
     602     604     603     606
     608     610     609     612
     614     616     615     618
     620     622     621     624
     626     628     627     630
     632     634     633     636
     638     640     639     642
     644     646     645     648
     650     652     651     654
     656     658     657     660
     662     664     663     666
     668     670     669     672
     674     676     675     678
     680     682     681     684
     686     688     687     690
     692     694     693     696
     698     700     699     702
     704     706     705     708
     710     712     711     714
     716     718     717     720
     722     724     723     726
     728     730     729     732
     734     736     735     738
     740     742     741     744
     746     748     747     750
     752     754     753     756
     758     760     759     762
     764     766     765     768
     770     772     771     774
     776     778     777     780
     782     784     783     786
     788     790     789     792
     794     796     795     798
     800     802     801     804
     806     808     807     810
     812     814     813     816
     818     820     819     822
     824     826     825     828
     830     832     831     834
     836     838     837     840
     842     844     843     846
     848     850     849     852
     854     856     855     858
     860     862     861     864
     866     868     867     870
     872     874     873     876
     878     880     879     882
     884     886     885     888
     890     892     891     894
     896     898     897     900
     902     904     903     906
     908     910     909     912
     914     916     915     918
     920     922     921     924
     926     928     927     930
     932     934     933     936
     938     940     939     942
     944     946     945     948
     950     952     951     954
     956     958     957     960
     962     964     963     966
     968     970     969     972
     974     976     975     978
     980     982     981     984
     986     988     987     990
     992     994     993     996
     998    1000     999    1002
    1004    1006    1005    1008
    1010    1012    1011    1014
    1016    1018    1017    1020
    1022    1024    1023    1026
    1028    1030    1029    1032
    1034    1036    1035    1038
    1040    1042    1041    1044
    1046    1048    1047    1050
    1052    1054    1053    1056
    1058    1060    1059    1062
    1064    1066    1065    1068
    1070    1072    1071    1074
    1076    1078    1077    1080
    1082    1084    1083    1086
    1088    1090    1089    1092
    1094    1096    1095    1098
    1100    1102    1101    1104
    1106    1108    1107    1110
    1112    1114    1113    1116
    1118    1120    1119    1122
    1124    1126    1125    1128
    1130    1132    1131    1134
    1136    1138    1137    1140
    1142    1144    1143    1146
    1148    1150    1149    1152
    1154    1156    1155    1158
    1160    1162    1161    1164
    1166    1168    1167    1170
    1172    1174    1173    1176
    1178    1180    1179    1182
    1184    1186    1185    1188
    1190    1192    1191    1194
    1196    1198    1197    1200
    1202    1204    1203    1206
    1208    1210    1209    1212
    1214    1216    1215    1218
    1220    1222    1221    1224
    1226    1228    1227    1230
    1232    1234    1233    1236
    1238    1240    1239    1242
    1244    1246    1245    1248
    1250    1252    1251    1254
    1256    1258    1257    1260
    1262    1264    1263    1266
    1268    1270    1269    1272
    1274    1276    1275    1278
    1280    1282    1281    1284
    1286    1288    1287    1290
    1292    1294    1293    1296
    1298    1300    1299    1302
    1304    1306    1305    1308
    1310    1312    1311    1314
    1316    1318    1317    1320
    1322    1324    1323    1326
    1328    1330    1329    1332
    1334    1336    1335    1338
    1340    1342    1341    1344
    1346    1348    1347    1350
    1352    1354    1353    1356
    1358    1360    1359    1362
    1364    1366    1365    1368
    1370    1372    1371    1374
    1376    1378    1377    1380
    1382    1384    1383    1386
    1388    1390    1389    1392
    1394    1396    1395    1398
    1400    1402    1401    1404
    1406    1408    1407    1410
    1412    1414    1413    1416
    1418    1420    1419    1422
    1424    1426    1425    1428
    1430    1432    1431    1434
    1436    1438    1437    1440
    1442    1444    1443    1446
    1448    1450    1449    1452
    1454    1456    1455    1458
    1460    1462    1461    1464
    1466    1468    1467    1470
    1472    1474    1473    1476
    1478    1480    1479    1482
    1484    1486    1485    1488
    1490    1492    1491    1494
    1496    1498    1497    1500
    1502    1504    1503    1506
    1508    1510    1509    1512
    1514    1516    1515    1518
    1520    1522    1521    1524
    1526    1528    1527    1530
    1532    1534    1533    1536
    1538    1540    1539    1542
    1544    1546    1545    1548
    1550    1552    1551    1554
    1556    1558    1557    1560
    1562    1564    1563    1566
    1568    1570    1569    1572
    1574    1576    1575    1578
    1580    1582    1581    1584
    1586    1588    1587    1590
    1592    1594    1593    1596
    1598    1600    1599    1602
    1604    1606    1605    1608
    1610    1612    1611    1614
    1616    1618    1617    1620
    1622    1624    1623    1626
    1628    1630    1629    1632
    1634    1636    1635    1638
    1640    1642    1641    1644
    1646    1648    1647    1650
    1652    1654    1653    1656
    1658    1660    1659    1662
    1664    1666    1665    1668
    1670    1672    1671    1674
    1676    1678    1677    1680
    1682    1684    1683    1686
    1688    1690    1689    1692
    1694    1696    1695    1698
    1700    1702    1701    1704
    1706    1708    1707    1710
    1712    1714    1713    1716
    1718    1720    1719    1722
    1724    1726    1725    1728
    1730    1732    1731    1734
    1736    1738    1737    1740
    1742    1744    1743    1746
    1748    1750    1749    1752
    1754    1756    1755    1758
    1760    1762    1761    1764
    1766    1768    1767    1770
    1772    1774    1773    1776
    1778    1780    1779    1782
    1784    1786    1785    1788
    1790    1792    1791    1794
    1796    1798    1797    1800
    1802    1804    1803    1806
    1808    1810    1809    1812
    1814    1816    1815    1818
    1820    1822    1821    1824
    1826    1828    1827    1830
    1832    1834    1833    1836
    1838    1840    1839    1842
    1844    1846    1845    1848
    1850    1852    1851    1854
    1856    1858    1857    1860
    1862    1864    1863    1866
    1868    1870    1869    1872
    1874    1876    1875    1878
    1880    1882    1881    1884
    1886    1888    1887    1890
    1892    1894    1893    1896
    1898    1900    1899    1902
    1904    1906    1905    1908
    1910    1912    1911    1914
    1916    1918    1917    1920
    1922    1924    1923    1926
    1928    1930    1929    1932
    1934    1936    1935    1938
    1940    1942    1941    1944
    1946    1948    1947    1950
    1952    1954    1953    1956
    1958    1960    1959    1962
    1964    1966    1965    1968
    1970    1972    1971    1974
    1976    1978    1977    1980
    1982    1984    1983    1986
    1988    1990    1989    1992
    1994    1996    1995    1998
    2000    2002    2001    2004
    2006    2008    2007    2010
    2012    2014    2013    2016
    2018    2020    2019    2022
    2024    2026    2025    2028
    2030    2032    2031    2034
    2036    2038    2037    2040
    2042    2044    2043    2046
    2048    2050    2049    2052
    2054    2056    2055    2058
    2060    2062    2061    2064
    2066    2068    2067    2070
    2072    2074    2073    2076
    2078    2080    2079    2082
    2084    2086    2085    2088
    2090    2092    2091    2094
    2096    2098    2097    2100
    2102    2104    2103    2106
    2108    2110    2109    2112
    2114    2116    2115    2118
    2120    2122    2121    2124
    2126    2128    2127    2130
    2132    2134    2133    2136
    2138    2140    2139    2142
    2144    2146    2145    2148
    2150    2152    2151    2154
    2156    2158    2157    2160
    2162    2164    2163    2166
    2168    2170    2169    2172
    2174    2176    2175    2178
    2180    2182    2181    2184
    2186    2188    2187    2190
    2192    2194    2193    2196
    2198    2200    2199    2202
    2204    2206    2205    2208
    2210    2212    2211    2214
    2216    2218    2217    2220
    2222    2224    2223    2226
    2228    2230    2229    2232
    2234    2236    2235    2238
    2240    2242    2241    2244
    2246    2248    2247    2250
    2252    2254    2253    2256
    2258    2260    2259    2262
    2264    2266    2265    2268
    2270    2272    2271    2274
    2276    2278    2277    2280
    2282    2284    2283    2286
    2288    2290    2289    2292
    2294    2296    2295    2298
    2300    2302    2301    2304
    2306    2308    2307    2310
    2312    2314    2313    2316
    2318    2320    2319    2322
    2324    2326    2325    2328
    2330    2332    2331    2334
    2336    2338    2337    2340
    2342    2344    2343    2346
    2348    2350    2349    2352
    2354    2356    2355    2358
    2360    2362    2361    2364
    2366    2368    2367    2370
    2372    2374    2373    2376
    2378    2380    2379    2382
    2384    2386    2385    2388
    2390    2392    2391    2394
    2396    2398    2397    2400
    2402    2404    2403    2406
    2408    2410    2409    2412
    2414    2416    2415    2418
    2420    2422    2421    2424
    2426    2428    2427    2430
    2432    2434    2433    2436
    2438    2440    2439    2442
    2444    2446    2445    2448
    2450    2452    2451    2454
    2456    2458    2457    2460
    2462    2464    2463    2466
    2468    2470    2469    2472
    2474    2476    2475    2478
    2480    2482    2481    2484
    2486    2488    2487    2490
    2492    2494    2493    2496
    2498    2500    2499    2502
    2504    2506    2505    2508
    2510    2512    2511    2514
    2516    2518    2517    2520
    2522    2524    2523    2526
    2528    2530    2529    2532
    2534    2536    2535    2538
    2540    2542    2541    2544
    2546    2548    2547    2550
    2552    2554    2553    2556
    2558    2560    2559    2562
    2564    2566    2565    2568
    2570    2572    2571    2574
    2576    2578    2577    2580
    2582    2584    2583    2586
    2588    2590    2589    2592
    2594    2596    2595    2598
    2600    2602    2601    2604
    2606    2608    2607    2610
    2612    2614    2613    2616
    2618    2620    2619    2622
    2624    2626    2625    2628
    2630    2632    2631    2634
    2636    2638    2637    2640
    2642    2644    2643    2646
    2648    2650    2649    2652
    2654    2656    2655    2658
    2660    2662    2661    2664
    2666    2668    2667    2670
    2672    2674    2673    2676
    2678    2680    2679    2682
    2684    2686    2685    2688
    2690    2692    2691    2694
    2696    2698    2697    2700
    2702    2704    2703    2706
    2708    2710    2709    2712
    2714    2716    2715    2718
    2720    2722    2721    2724
    2726    2728    2727    2730
    2732    2734    2733    2736
    2738    2740    2739    2742
    2744    2746    2745    2748
    2750    2752    2751    2754
    2756    2758    2757    2760
    2762    2764    2763    2766
    2768    2770    2769    2772
    2774    2776    2775    2778
    2780    2782    2781    2784
    2786    2788    2787    2790
    2792    2794    2793    2796
    2798    2800    2799    2802
    2804    2806    2805    2808
    2810    2812    2811    2814
    2816    2818    2817    2820
    2822    2824    2823    2826
    2828    2830    2829    2832
    2834    2836    2835    2838
    2840    2842    2841    2844
    2846    2848    2847    2850
    2852    2854    2853    2856
    2858    2860    2859    2862
    2864    2866    2865    2868
    2870    2872    2871    2874
    2876    2878    2877    2880
    2882    2884    2883    2886
    2888    2890    2889    2892
    2894    2896    2895    2898
    2900    2902    2901    2904
    2906    2908    2907    2910
    2912    2914    2913    2916
    2918    2920    2919    2922
    2924    2926    2925    2928
    2930    2932    2931    2934
    2936    2938    2937    2940
    2942    2944    2943    2946
    2948    2950    2949    2952
    2954    2956    2955    2958
    2960    2962    2961    2964
    2966    2968    2967    2970
    2972    2974    2973    2976
    2978    2980    2979    2982
    2984    2986    2985    2988
    2990    2992    2991    2994
    2996    2998    2997    3000
    3002    3004    3003    3006
    3008    3010    3009    3012
    3014    3016    3015    3018
    3020    3022    3021    3024
    3026    3028    3027    3030
    3032    3034    3033    3036
    3038    3040    3039    3042
    3044    3046    3045    3048
    3050    3052    3051    3054
    3056    3058    3057    3060
    3062    3064    3063    3066
    3068    3070    3069    3072
    3074    3076    3075    3078
    3080    3082    3081    3084
    3086    3088    3087    3090
    3092    3094    3093    3096
    3098    3100    3099    3102
    3104    3106    3105    3108
    3110    3112    3111    3114
    3116    3118    3117    3120
    3122    3124    3123    3126
    3128    3130    3129    3132
    3134    3136    3135    3138
    3140    3142    3141    3144
    3146    3148    3147    3150
    3152    3154    3153    3156
    3158    3160    3159    3162
    3164    3166    3165    3168
    3170    3172    3171    3174
    3176    3178    3177    3180
    3182    3184    3183    3186
    3188    3190    3189    3192
    3194    3196    3195    3198
    3200    3202    3201    3204
    3206    3208    3207    3210
    3212    3214    3213    3216
    3218    3220    3219    3222
    3224    3226    3225    3228
    3230    3232    3231    3234
    3236    3238    3237    3240
    3242    3244    3243    3246
    3248    3250    3249    3252
    3254    3256    3255    3258
    3260    3262    3261    3264
    3266    3268    3267    3270
    3272    3274    3273    3276
    3278    3280    3279    3282
    3284    3286    3285    3288
    3290    3292    3291    3294
    3296    3298    3297    3300
    3302    3304    3303    3306
    3308    3310    3309    3312
    3314    3316    3315    3318
    3320    3322    3321    3324
    3326    3328    3327    3330
    3332    3334    3333    3336
    3338    3340    3339    3342
    3344    3346    3345    3348
    3350    3352    3351    3354
    3356    3358    3357    3360
    3362    3364    3363    3366
    3368    3370    3369    3372
    3374    3376    3375    3378
    3380    3382    3381    3384
    3386    3388    3387    3390
    3392    3394    3393    3396
    3398    3400    3399    3402
    3404    3406    3405    3408
    3410    3412    3411    3414
    3416    3418    3417    3420
    3422    3424    3423    3426
    3428    3430    3429    3432
    3434    3436    3435    3438
    3440    3442    3441    3444
    3446    3448    3447    3450
    3452    3454    3453    3456
    3458    3460    3459    3462
    3464    3466    3465    3468
    3470    3472    3471    3474
    3476    3478    3477    3480
    3482    3484    3483    3486
    3488    3490    3489    3492
    3494    3496    3495    3498
    3500    3502    3501    3504
    3506    3508    3507    3510
    3512    3514    3513    3516
    3518    3520    3519    3522
    3524    3526    3525    3528
    3530    3532    3531    3534
    3536    3538    3537    3540
    3542    3544    3543    3546
    3548    3550    3549    3552
    3554    3556    3555    3558
    3560    3562    3561    3564
    3566    3568    3567    3570
    3572    3574    3573    3576
    3578    3580    3579    3582
    3584    3586    3585    3588
    3590    3592    3591    3594
    3596    3598    3597    3600
    3602    3604    3603    3606
    3608    3610    3609    3612
    3614    3616    3615    3618
    3620    3622    3621    3624
    3626    3628    3627    3630
    3632    3634    3633    3636
    3638    3640    3639    3642
    3644    3646    3645    3648
    3650    3652    3651    3654
    3656    3658    3657    3660
    3662    3664    3663    3666
    3668    3670    3669    3672
    3674    3676    3675    3678
    3680    3682    3681    3684
    3686    3688    3687    3690
    3692    3694    3693    3696
    3698    3700    3699    3702
    3704    3706    3705    3708
    3710    3712    3711    3714
    3716    3718    3717    3720
    3722    3724    3723    3726
    3728    3730    3729    3732
    3734    3736    3735    3738
    3740    3742    3741    3744
    3746    3748    3747    3750
    3752    3754    3753    3756
    3758    3760    3759    3762
    3764    3766    3765    3768
    3770    3772    3771    3774
    3776    3778    3777    3780
    3782    3784    3783    3786
    3788    3790    3789    3792
    3794    3796    3795    3798
    3800    3802    3801    3804
    3806    3808    3807    3810
    3812    3814    3813    3816
    3818    3820    3819    3822
    3824    3826    3825    3828
    3830    3832    3831    3834
    3836    3838    3837    3840
    3842    3844    3843    3846
    3848    3850    3849    3852
    3854    3856    3855    3858
    3860    3862    3861    3864
    3866    3868    3867    3870
    3872    3874    3873    3876
    3878    3880    3879    3882
    3884    3886    3885    3888
    3890    3892    3891    3894
    3896    3898    3897    3900
    3902    3904    3903    3906
    3908    3910    3909    3912
    3914    3916    3915    3918
    3920    3922    3921    3924
    3926    3928    3927    3930
    3932    3934    3933    3936
    3938    3940    3939    3942
    3944    3946    3945    3948
    3950    3952    3951    3954
    3956    3958    3957    3960
    3962    3964    3963    3966
    3968    3970    3969    3972
    3974    3976    3975    3978
    3980    3982    3981    3984
    3986    3988    3987    3990
    3992    3994    3993    3996
    3998    4000    3999    4002
    4004    4006    4005    4008
    4010    4012    4011    4014
    4016    4018    4017    4020
    4022    4024    4023    4026
    4028    4030    4029    4032
    4034    4036    4035    4038
    4040    4042    4041    4044
    4046    4048    4047    4050
    4052    4054    4053    4056
    4058    4060    4059    4062
    4064    4066    4065    4068
    4070    4072    4071    4074
    4076    4078    4077    4080
    4082    4084    4083    4086
    4088    4090    4089    4092
    4094    4096    4095    4098
    4100    4102    4101    4104
    4106    4108    4107    4110
    4112    4114    4113    4116
    4118    4120    4119    4122
    4124    4126    4125    4128
    4130    4132    4131    4134
    4136    4138    4137    4140
    4142    4144    4143    4146
    4148    4150    4149    4152
    4154    4156    4155    4158
    4160    4162    4161    4164
    4166    4168    4167    4170
    4172    4174    4173    4176
    4178    4180    4179    4182
    4184    4186    4185    4188
    4190    4192    4191    4194
    4196    4198    4197    4200
    4202    4204    4203    4206
    4208    4210    4209    4212
    4214    4216    4215    4218
    4220    4222    4221    4224
    4226    4228    4227    4230
    4232    4234    4233    4236
    4238    4240    4239    4242
    4244    4246    4245    4248
    4250    4252    4251    4254
    4256    4258    4257    4260
    4262    4264    4263    4266
    4268    4270    4269    4272
    4274    4276    4275    4278
    4280    4282    4281    4284
    4286    4288    4287    4290
    4292    4294    4293    4296
    4298    4300    4299    4302
    4304    4306    4305    4308
    4310    4312    4311    4314
    4316    4318    4317    4320
    4322    4324    4323    4326
    4328    4330    4329    4332
    4334    4336    4335    4338
    4340    4342    4341    4344
    4346    4348    4347    4350
    4352    4354    4353    4356
    4358    4360    4359    4362
    4364    4366    4365    4368
    4370    4372    4371    4374
    4376    4378    4377    4380
    4382    4384    4383    4386
    4388    4390    4389    4392
    4394    4396    4395    4398
    4400    4402    4401    4404
    4406    4408    4407    4410
    4412    4414    4413    4416
    4418    4420    4419    4422
    4424    4426    4425    4428
    4430    4432    4431    4434
    4436    4438    4437    4440
    4442    4444    4443    4446
    4448    4450    4449    4452
    4454    4456    4455    4458
    4460    4462    4461    4464
    4466    4468    4467    4470
    4472    4474    4473    4476
    4478    4480    4479    4482
    4484    4486    4485    4488
    4490    4492    4491    4494
    4496    4498    4497    4500
    4502    4504    4503    4506
    4508    4510    4509    4512
    4514    4516    4515    4518
    4520    4522    4521    4524
    4526    4528    4527    4530
    4532    4534    4533    4536
    4538    4540    4539    4542
    4544    4546    4545    4548
    4550    4552    4551    4554
    4556    4558    4557    4560
    4562    4564    4563    4566
    4568    4570    4569    4572
    4574    4576    4575    4578
    4580    4582    4581    4584
    4586    4588    4587    4590
    4592    4594    4593    4596
    4598    4600    4599    4602
    4604    4606    4605    4608
    4610    4612    4611    4614
    4616    4618    4617    4620
    4622    4624    4623    4626
    4628    4630    4629    4632
    4634    4636    4635    4638
    4640    4642    4641    4644
    4646    4648    4647    4650
    4652    4654    4653    4656
    4658    4660    4659    4662
    4664    4666    4665    4668
    4670    4672    4671    4674
    4676    4678    4677    4680
    4682    4684    4683    4686
    4688    4690    4689    4692
    4694    4696    4695    4698
    4700    4702    4701    4704
    4706    4708    4707    4710
    4712    4714    4713    4716
    4718    4720    4719    4722
    4724    4726    4725    4728
    4730    4732    4731    4734
    4736    4738    4737    4740
    4742    4744    4743    4746
    4748    4750    4749    4752
    4754    4756    4755    4758
    4760    4762    4761    4764
    4766    4768    4767    4770
    4772    4774    4773    4776
    4778    4780    4779    4782
    4784    4786    4785    4788
    4790    4792    4791    4794
    4796    4798    4797    4800
    4802    4804    4803    4806
    4808    4810    4809    4812
    4814    4816    4815    4818
    4820    4822    4821    4824
    4826    4828    4827    4830
    4832    4834    4833    4836
    4838    4840    4839    4842
    4844    4846    4845    4848
    4850    4852    4851    4854
    4856    4858    4857    4860
    4862    4864    4863    4866
    4868    4870    4869    4872
    4874    4876    4875    4878
    4880    4882    4881    4884
    4886    4888    4887    4890
    4892    4894    4893    4896
    4898    4900    4899    4902
    4904    4906    4905    4908
    4910    4912    4911    4914
    4916    4918    4917    4920
    4922    4924    4923    4926
    4928    4930    4929    4932
    4934    4936    4935    4938
    4940    4942    4941    4944
    4946    4948    4947    4950
    4952    4954    4953    4956
    4958    4960    4959    4962
    4964    4966    4965    4968
    4970    4972    4971    4974
    4976    4978    4977    4980
    4982    4984    4983    4986
    4988    4990    4989    4992
    4994    4996    4995    4998
    5000    5002    5001    5004
    5006    5008    5007    5010
    5012    5014    5013    5016
    5018    5020    5019    5022
    5024    5026    5025    5028
    5030    5032    5031    5034
    5036    5038    5037    5040
    5042    5044    5043    5046
    5048    5050    5049    5052
    5054    5056    5055    5058
    5060    5062    5061    5064
    5066    5068    5067    5070
    5072    5074    5073    5076
    5078    5080    5079    5082
    5084    5086    5085    5088
    5090    5092    5091    5094
    5096    5098    5097    5100
    5102    5104    5103    5106
    5108    5110    5109    5112
    5114    5116    5115    5118
    5120    5122    5121    5124
    5126    5128    5127    5130
    5132    5134    5133    5136
    5138    5140    5139    5142
    5144    5146    5145    5148
    5150    5152    5151    5154
    5156    5158    5157    5160
    5162    5164    5163    5166
    5168    5170    5169    5172
    5174    5176    5175    5178
    5180    5182    5181    5184
    5186    5188    5187    5190
    5192    5194    5193    5196
    5198    5200    5199    5202
    5204    5206    5205    5208
    5210    5212    5211    5214
    5216    5218    5217    5220
    5222    5224    5223    5226
    5228    5230    5229    5232
    5234    5236    5235    5238
    5240    5242    5241    5244
    5246    5248    5247    5250
    5252    5254    5253    5256
    5258    5260    5259    5262
    5264    5266    5265    5268
    5270    5272    5271    5274
    5276    5278    5277    5280
    5282    5284    5283    5286
    5288    5290    5289    5292
    5294    5296    5295    5298
    5300    5302    5301    5304
    5306    5308    5307    5310
    5312    5314    5313    5316
    5318    5320    5319    5322
    5324    5326    5325    5328
    5330    5332    5331    5334
    5336    5338    5337    5340
    5342    5344    5343    5346
    5348    5350    5349    5352
    5354    5356    5355    5358
    5360    5362    5361    5364
    5366    5368    5367    5370
    5372    5374    5373    5376
    5378    5380    5379    5382
    5384    5386    5385    5388
    5390    5392    5391    5394
    5396    5398    5397    5400
    5402    5404    5403    5406
    5408    5410    5409    5412
    5414    5416    5415    5418
    5420    5422    5421    5424
    5426    5428    5427    5430
    5432    5434    5433    5436
    5438    5440    5439    5442
    5444    5446    5445    5448
    5450    5452    5451    5454
    5456    5458    5457    5460
    5462    5464    5463    5466
    5468    5470    5469    5472
    5474    5476    5475    5478
    5480    5482    5481    5484
    5486    5488    5487    5490
    5492    5494    5493    5496
    5498    5500    5499    5502
    5504    5506    5505    5508
    5510    5512    5511    5514
    5516    5518    5517    5520
    5522    5524    5523    5526
    5528    5530    5529    5532
    5534    5536    5535    5538
    5540    5542    5541    5544
    5546    5548    5547    5550
    5552    5554    5553    5556
    5558    5560    5559    5562
    5564    5566    5565    5568
    5570    5572    5571    5574
    5576    5578    5577    5580
    5582    5584    5583    5586
    5588    5590    5589    5592
    5594    5596    5595    5598
    5600    5602    5601    5604
    5606    5608    5607    5610
    5612    5614    5613    5616
    5618    5620    5619    5622
    5624    5626    5625    5628
    5630    5632    5631    5634
    5636    5638    5637    5640
    5642    5644    5643    5646
    5648    5650    5649    5652
    5654    5656    5655    5658
    5660    5662    5661    5664
    5666    5668    5667    5670
    5672    5674    5673    5676
    5678    5680    5679    5682
    5684    5686    5685    5688
    5690    5692    5691    5694
    5696    5698    5697    5700
    5702    5704    5703    5706
    5708    5710    5709    5712
    5714    5716    5715    5718
    5720    5722    5721    5724
    5726    5728    5727    5730
    5732    5734    5733    5736
    5738    5740    5739    5742
    5744    5746    5745    5748
    5750    5752    5751    5754
    5756    5758    5757    5760
    5762    5764    5763    5766
    5768    5770    5769    5772
    5774    5776    5775    5778
    5780    5782    5781    5784
    5786    5788    5787    5790
    5792    5794    5793    5796
    5798    5800    5799    5802
    5804    5806    5805    5808
    5810    5812    5811    5814
    5816    5818    5817    5820
    5822    5824    5823    5826
    5828    5830    5829    5832
    5834    5836    5835    5838
    5840    5842    5841    5844
    5846    5848    5847    5850
    5852    5854    5853    5856
    5858    5860    5859    5862
    5864    5866    5865    5868
    5870    5872    5871    5874
    5876    5878    5877    5880
    5882    5884    5883    5886
    5888    5890    5889    5892
    5894    5896    5895    5898
    5900    5902    5901    5904
    5906    5908    5907    5910
    5912    5914    5913    5916
    5918    5920    5919    5922
    5924    5926    5925    5928
    5930    5932    5931    5934
    5936    5938    5937    5940
    5942    5944    5943    5946
    5948    5950    5949    5952
    5954    5956    5955    5958
    5960    5962    5961    5964
    5966    5968    5967    5970
    5972    5974    5973    5976
    5978    5980    5979    5982
    5984    5986    5985    5988
    5990    5992    5991    5994
    5996    5998    5997    6000
    6002    6004    6003    6006
    6008    6010    6009    6012
    6014    6016    6015    6018
    6020    6022    6021    6024
    6026    6028    6027    6030
    6032    6034    6033    6036
    6038    6040    6039    6042
    6044    6046    6045    6048
    6050    6052    6051    6054
    6056    6058    6057    6060
    6062    6064    6063    6066
    6068    6070    6069    6072
    6074    6076    6075    6078
    6080    6082    6081    6084
    6086    6088    6087    6090
    6092    6094    6093    6096
    6098    6100    6099    6102
    6104    6106    6105    6108
    6110    6112    6111    6114
    6116    6118    6117    6120
    6122    6124    6123    6126
    6128    6130    6129    6132
    6134    6136    6135    6138
    6140    6142    6141    6144
    6146    6148    6147    6150
    6152    6154    6153    6156
    6158    6160    6159    6162
    6164    6166    6165    6168
    6170    6172    6171    6174
    6176    6178    6177    6180
    6182    6184    6183    6186
    6188    6190    6189    6192
    6194    6196    6195    6198
    6200    6202    6201    6204
    6206    6208    6207    6210
    6212    6214    6213    6216
    6218    6220    6219    6222
    6224    6226    6225    6228
    6230    6232    6231    6234
    6236    6238    6237    6240
    6242    6244    6243    6246
    6248    6250    6249    6252
    6254    6256    6255    6258
    6260    6262    6261    6264
    6266    6268    6267    6270
    6272    6274    6273    6276
    6278    6280    6279    6282
    6284    6286    6285    6288
    6290    6292    6291    6294
    6296    6298    6297    6300
    6302    6304    6303    6306
    6308    6310    6309    6312
    6314    6316    6315    6318
    6320    6322    6321    6324
    6326    6328    6327    6330
    6332    6334    6333    6336
    6338    6340    6339    6342
    6344    6346    6345    6348
    6350    6352    6351    6354
    6356    6358    6357    6360
    6362    6364    6363    6366
    6368    6370    6369    6372
    6374    6376    6375    6378
    6380    6382    6381    6384
    6386    6388    6387    6390
    6392    6394    6393    6396
    6398    6400    6399    6402
    6404    6406    6405    6408
    6410    6412    6411    6414
    6416    6418    6417    6420
    6422    6424    6423    6426
    6428    6430    6429    6432
    6434    6436    6435    6438
    6440    6442    6441    6444
    6446    6448    6447    6450
    6452    6454    6453    6456
    6458    6460    6459    6462
    6464    6466    6465    6468
    6470    6472    6471    6474
    6476    6478    6477    6480
    6482    6484    6483    6486
    6488    6490    6489    6492
    6494    6496    6495    6498
    6500    6502    6501    6504
    6506    6508    6507    6510
    6512    6514    6513    6516
    6518    6520    6519    6522
    6524    6526    6525    6528
    6530    6532    6531    6534
    6536    6538    6537    6540
    6542    6544    6543    6546
    6548    6550    6549    6552
    6554    6556    6555    6558
    6560    6562    6561    6564
    6566    6568    6567    6570
    6572    6574    6573    6576
    6578    6580    6579    6582
    6584    6586    6585    6588
    6590    6592    6591    6594
    6596    6598    6597    6600
    6602    6604    6603    6606
    6608    6610    6609    6612
    6614    6616    6615    6618
    6620    6622    6621    6624
    6626    6628    6627    6630
    6632    6634    6633    6636
    6638    6640    6639    6642
    6644    6646    6645    6648
    6650    6652    6651    6654
    6656    6658    6657    6660
    6662    6664    6663    6666
    6668    6670    6669    6672
    6674    6676    6675    6678
    6680    6682    6681    6684
    6686    6688    6687    6690
    6692    6694    6693    6696
    6698    6700    6699    6702
    6704    6706    6705    6708
    6710    6712    6711    6714
    6716    6718    6717    6720
    6722    6724    6723    6726
    6728    6730    6729    6732
    6734    6736    6735    6738
    6740    6742    6741    6744
    6746    6748    6747    6750
    6752    6754    6753    6756
    6758    6760    6759    6762
    6764    6766    6765    6768
    6770    6772    6771    6774
    6776    6778    6777    6780
    6782    6784    6783    6786
    6788    6790    6789    6792
    6794    6796    6795    6798
    6800    6802    6801    6804
    6806    6808    6807    6810
    6812    6814    6813    6816
    6818    6820    6819    6822
    6824    6826    6825    6828
    6830    6832    6831    6834
    6836    6838    6837    6840
    6842    6844    6843    6846
    6848    6850    6849    6852
    6854    6856    6855    6858
    6860    6862    6861    6864
    6866    6868    6867    6870
    6872    6874    6873    6876
    6878    6880    6879    6882
    6884    6886    6885    6888
    6890    6892    6891    6894
    6896    6898    6897    6900
    6902    6904    6903    6906
    6908    6910    6909    6912
    6914    6916    6915    6918
    6920    6922    6921    6924
    6926    6928    6927    6930
    6932    6934    6933    6936
    6938    6940    6939    6942
    6944    6946    6945    6948
    6950    6952    6951    6954
    6956    6958    6957    6960
    6962    6964    6963    6966
    6968    6970    6969    6972
    6974    6976    6975    6978
    6980    6982    6981    6984
    6986    6988    6987    6990
    6992    6994    6993    6996
    6998    7000    6999    7002
    7004    7006    7005    7008
    7010    7012    7011    7014
    7016    7018    7017    7020
    7022    7024    7023    7026
    7028    7030    7029    7032
    7034    7036    7035    7038
    7040    7042    7041    7044
    7046    7048    7047    7050
    7052    7054    7053    7056
    7058    7060    7059    7062
    7064    7066    7065    7068
    7070    7072    7071    7074
    7076    7078    7077    7080
    7082    7084    7083    7086
    7088    7090    7089    7092
    7094    7096    7095    7098
    7100    7102    7101    7104
    7106    7108    7107    7110
    7112    7114    7113    7116
    7118    7120    7119    7122
    7124    7126    7125    7128
    7130    7132    7131    7134
    7136    7138    7137    7140
    7142    7144    7143    7146
    7148    7150    7149    7152
    7154    7156    7155    7158
    7160    7162    7161    7164
    7166    7168    7167    7170
    7172    7174    7173    7176
    7178    7180    7179    7182
    7184    7186    7185    7188
    7190    7192    7191    7194
    7196    7198    7197    7200
    7202    7204    7203    7206
    7208    7210    7209    7212
    7214    7216    7215    7218
    7220    7222    7221    7224
    7226    7228    7227    7230
    7232    7234    7233    7236
    7238    7240    7239    7242
    7244    7246    7245    7248
    7250    7252    7251    7254
    7256    7258    7257    7260
    7262    7264    7263    7266
    7268    7270    7269    7272
    7274    7276    7275    7278
    7280    7282    7281    7284
    7286    7288    7287    7290
    7292    7294    7293    7296
    7298    7300    7299    7302
    7304    7306    7305    7308
    7310    7312    7311    7314
    7316    7318    7317    7320
    7322    7324    7323    7326
    7328    7330    7329    7332
    7334    7336    7335    7338
    7340    7342    7341    7344
    7346    7348    7347    7350
    7352    7354    7353    7356
    7358    7360    7359    7362
    7364    7366    7365    7368
    7370    7372    7371    7374
    7376    7378    7377    7380
    7382    7384    7383    7386
    7388    7390    7389    7392
    7394    7396    7395    7398
    7400    7402    7401    7404
    7406    7408    7407    7410
    7412    7414    7413    7416
    7418    7420    7419    7422
    7424    7426    7425    7428
    7430    7432    7431    7434
    7436    7438    7437    7440
    7442    7444    7443    7446
    7448    7450    7449    7452
    7454    7456    7455    7458
    7460    7462    7461    7464
    7466    7468    7467    7470
    7472    7474    7473    7476
    7478    7480    7479    7482
    7484    7486    7485    7488
    7490    7492    7491    7494
    7496    7498    7497    7500
    7502    7504    7503    7506
    7508    7510    7509    7512
    7514    7516    7515    7518
    7520    7522    7521    7524
    7526    7528    7527    7530
    7532    7534    7533    7536
    7538    7540    7539    7542
    7544    7546    7545    7548
    7550    7552    7551    7554
    7556    7558    7557    7560
    7562    7564    7563    7566
    7568    7570    7569    7572
    7574    7576    7575    7578
    7580    7582    7581    7584
    7586    7588    7587    7590
    7592    7594    7593    7596
    7598    7600    7599    7602
    7604    7606    7605    7608
    7610    7612    7611    7614
    7616    7618    7617    7620
    7622    7624    7623    7626
    7628    7630    7629    7632
    7634    7636    7635    7638
    7640    7642    7641    7644
    7646    7648    7647    7650
    7652    7654    7653    7656
    7658    7660    7659    7662
    7664    7666    7665    7668
    7670    7672    7671    7674
    7676    7678    7677    7680
    7682    7684    7683    7686
    7688    7690    7689    7692
    7694    7696    7695    7698
    7700    7702    7701    7704
    7706    7708    7707    7710
    7712    7714    7713    7716
    7718    7720    7719    7722
    7724    7726    7725    7728
    7730    7732    7731    7734
    7736    7738    7737    7740
    7742    7744    7743    7746
    7748    7750    7749    7752
    7754    7756    7755    7758
    7760    7762    7761    7764
    7766    7768    7767    7770
    7772    7774    7773    7776
    7778    7780    7779    7782
    7784    7786    7785    7788
    7790    7792    7791    7794
    7796    7798    7797    7800
    7802    7804    7803    7806
    7808    7810    7809    7812
    7814    7816    7815    7818
    7820    7822    7821    7824
    7826    7828    7827    7830
    7832    7834    7833    7836
    7838    7840    7839    7842
    7844    7846    7845    7848
    7850    7852    7851    7854
    7856    7858    7857    7860
    7862    7864    7863    7866
    7868    7870    7869    7872
    7874    7876    7875    7878
    7880    7882    7881    7884
    7886    7888    7887    7890
    7892    7894    7893    7896
    7898    7900    7899    7902
    7904    7906    7905    7908
    7910    7912    7911    7914
    7916    7918    7917    7920
    7922    7924    7923    7926
    7928    7930    7929    7932
    7934    7936    7935    7938
    7940    7942    7941    7944
    7946    7948    7947    7950
    7952    7954    7953    7956
    7958    7960    7959    7962
    7964    7966    7965    7968
    7970    7972    7971    7974
    7976    7978    7977    7980
    7982    7984    7983    7986
    7988    7990    7989    7992
    7994    7996    7995    7998
    8000    8002    8001    8004
    8006    8008    8007    8010
    8012    8014    8013    8016
    8018    8020    8019    8022
    8024    8026    8025    8028
    8030    8032    8031    8034
    8036    8038    8037    8040
    8042    8044    8043    8046
    8048    8050    8049    8052
    8054    8056    8055    8058
    8060    8062    8061    8064
    8066    8068    8067    8070
    8072    8074    8073    8076
    8078    8080    8079    8082
    8084    8086    8085    8088
    8090    8092    8091    8094
    8096    8098    8097    8100
    8102    8104    8103    8106
    8108    8110    8109    8112
    8114    8116    8115    8118
    8120    8122    8121    8124
    8126    8128    8127    8130
    8132    8134    8133    8136
    8138    8140    8139    8142
    8144    8146    8145    8148
    8150    8152    8151    8154
    8156    8158    8157    8160
    8162    8164    8163    8166
    8168    8170    8169    8172
    8174    8176    8175    8178
    8180    8182    8181    8184
    8186    8188    8187    8190
    8192    8194    8193    8196
    8198    8200    8199    8202
    8204    8206    8205    8208
    8210    8212    8211    8214
    8216    8218    8217    8220
    8222    8224    8223    8226
    8228    8230    8229    8232
    8234    8236    8235    8238
    8240    8242    8241    8244
    8246    8248    8247    8250
    8252    8254    8253    8256
    8258    8260    8259    8262
    8264    8266    8265    8268
    8270    8272    8271    8274
    8276    8278    8277    8280
    8282    8284    8283    8286
    8288    8290    8289    8292
    8294    8296    8295    8298
    8300    8302    8301    8304
    8306    8308    8307    8310
    8312    8314    8313    8316
    8318    8320    8319    8322
    8324    8326    8325    8328
    8330    8332    8331    8334
    8336    8338    8337    8340
    8342    8344    8343    8346
    8348    8350    8349    8352
    8354    8356    8355    8358
    8360    8362    8361    8364
    8366    8368    8367    8370
    8372    8374    8373    8376
    8378    8380    8379    8382
    8384    8386    8385    8388
    8390    8392    8391    8394
    8396    8398    8397    8400
    8402    8404    8403    8406
    8408    8410    8409    8412
    8414    8416    8415    8418
    8420    8422    8421    8424
    8426    8428    8427    8430
    8432    8434    8433    8436
    8438    8440    8439    8442
    8444    8446    8445    8448
    8450    8452    8451    8454
    8456    8458    8457    8460
    8462    8464    8463    8466
    8468    8470    8469    8472
    8474    8476    8475    8478
    8480    8482    8481    8484
    8486    8488    8487    8490
    8492    8494    8493    8496
    8498    8500    8499    8502
    8504    8506    8505    8508
    8510    8512    8511    8514
    8516    8518    8517    8520
    8522    8524    8523    8526
    8528    8530    8529    8532
    8534    8536    8535    8538
    8540    8542    8541    8544
    8546    8548    8547    8550
    8552    8554    8553    8556
    8558    8560    8559    8562
    8564    8566    8565    8568
    8570    8572    8571    8574
    8576    8578    8577    8580
    8582    8584    8583    8586
    8588    8590    8589    8592
    8594    8596    8595    8598
    8600    8602    8601    8604
    8606    8608    8607    8610
    8612    8614    8613    8616
    8618    8620    8619    8622
    8624    8626    8625    8628
    8630    8632    8631    8634
    8636    8638    8637    8640
    8642    8644    8643    8646
    8648    8650    8649    8652
    8654    8656    8655    8658
    8660    8662    8661    8664
    8666    8668    8667    8670
    8672    8674    8673    8676
    8678    8680    8679    8682
    8684    8686    8685    8688
    8690    8692    8691    8694
    8696    8698    8697    8700
    8702    8704    8703    8706
    8708    8710    8709    8712
    8714    8716    8715    8718
    8720    8722    8721    8724
    8726    8728    8727    8730
    8732    8734    8733    8736
    8738    8740    8739    8742
    8744    8746    8745    8748
    8750    8752    8751    8754
    8756    8758    8757    8760
    8762    8764    8763    8766
    8768    8770    8769    8772
    8774    8776    8775    8778
    8780    8782    8781    8784
    8786    8788    8787    8790
    8792    8794    8793    8796
    8798    8800    8799    8802
    8804    8806    8805    8808
    8810    8812    8811    8814
    8816    8818    8817    8820
    8822    8824    8823    8826
    8828    8830    8829    8832
    8834    8836    8835    8838
    8840    8842    8841    8844
    8846    8848    8847    8850
    8852    8854    8853    8856
    8858    8860    8859    8862
    8864    8866    8865    8868
    8870    8872    8871    8874
    8876    8878    8877    8880
    8882    8884    8883    8886
    8888    8890    8889    8892
    8894    8896    8895    8898
    8900    8902    8901    8904
    8906    8908    8907    8910
    8912    8914    8913    8916
    8918    8920    8919    8922
    8924    8926    8925    8928
    8930    8932    8931    8934
    8936    8938    8937    8940
    8942    8944    8943    8946
    8948    8950    8949    8952
    8954    8956    8955    8958
    8960    8962    8961    8964
    8966    8968    8967    8970
    8972    8974    8973    8976
    8978    8980    8979    8982
    8984    8986    8985    8988
    8990    8992    8991    8994
    8996    8998    8997    9000
    9002    9004    9003    9006
    9008    9010    9009    9012
    9014    9016    9015    9018
    9020    9022    9021    9024
    9026    9028    9027    9030
    9032    9034    9033    9036
    9038    9040    9039    9042
    9044    9046    9045    9048
    9050    9052    9051    9054
    9056    9058    9057    9060
    9062    9064    9063    9066
    9068    9070    9069    9072
    9074    9076    9075    9078
    9080    9082    9081    9084
    9086    9088    9087    9090
    9092    9094    9093    9096
    9098    9100    9099    9102
    9104    9106    9105    9108
    9110    9112    9111    9114
    9116    9118    9117    9120
    9122    9124    9123    9126
    9128    9130    9129    9132
    9134    9136    9135    9138
    9140    9142    9141    9144
    9146    9148    9147    9150
    9152    9154    9153    9156
    9158    9160    9159    9162
    9164    9166    9165    9168
    9170    9172    9171    9174
    9176    9178    9177    9180
    9182    9184    9183    9186
    9188    9190    9189    9192
    9194    9196    9195    9198
    9200    9202    9201    9204
    9206    9208    9207    9210
    9212    9214    9213    9216
    9218    9220    9219    9222
    9224    9226    9225    9228
    9230    9232    9231    9234
    9236    9238    9237    9240
    9242    9244    9243    9246
    9248    9250    9249    9252
    9254    9256    9255    9258
    9260    9262    9261    9264
    9266    9268    9267    9270
    9272    9274    9273    9276
    9278    9280    9279    9282
    9284    9286    9285    9288
    9290    9292    9291    9294
    9296    9298    9297    9300
    9302    9304    9303    9306
    9308    9310    9309    9312
    9314    9316    9315    9318
    9320    9322    9321    9324
    9326    9328    9327    9330
    9332    9334    9333    9336
    9338    9340    9339    9342
    9344    9346    9345    9348
    9350    9352    9351    9354
    9356    9358    9357    9360
    9362    9364    9363    9366
    9368    9370    9369    9372
    9374    9376    9375    9378
    9380    9382    9381    9384
    9386    9388    9387    9390
    9392    9394    9393    9396
    9398    9400    9399    9402
    9404    9406    9405    9408
    9410    9412    9411    9414
    9416    9418    9417    9420
    9422    9424    9423    9426
    9428    9430    9429    9432
    9434    9436    9435    9438
    9440    9442    9441    9444
    9446    9448    9447    9450
    9452    9454    9453    9456
    9458    9460    9459    9462
    9464    9466    9465    9468
    9470    9472    9471    9474
    9476    9478    9477    9480
    9482    9484    9483    9486
    9488    9490    9489    9492
    9494    9496    9495    9498
    9500    9502    9501    9504
    9506    9508    9507    9510
    9512    9514    9513    9516
    9518    9520    9519    9522
    9524    9526    9525    9528
    9530    9532    9531    9534
    9536    9538    9537    9540
    9542    9544    9543    9546
    9548    9550    9549    9552
    9554    9556    9555    9558
    9560    9562    9561    9564
    9566    9568    9567    9570
    9572    9574    9573    9576
    9578    9580    9579    9582
    9584    9586    9585    9588
    9590    9592    9591    9594
    9596    9598    9597    9600
    9602    9604    9603    9606
    9608    9610    9609    9612
    9614    9616    9615    9618
    9620    9622    9621    9624
    9626    9628    9627    9630
    9632    9634    9633    9636
    9638    9640    9639    9642
    9644    9646    9645    9648
    9650    9652    9651    9654
    9656    9658    9657    9660
    9662    9664    9663    9666
    9668    9670    9669    9672
    9674    9676    9675    9678
    9680    9682    9681    9684
    9686    9688    9687    9690
    9692    9694    9693    9696
    9698    9700    9699    9702
    9704    9706    9705    9708
    9710    9712    9711    9714
    9716    9718    9717    9720
    9722    9724    9723    9726
    9728    9730    9729    9732
    9734    9736    9735    9738
    9740    9742    9741    9744
    9746    9748    9747    9750
    9752    9754    9753    9756
    9758    9760    9759    9762
    9764    9766    9765    9768
    9770    9772    9771    9774
    9776    9778    9777    9780
    9782    9784    9783    9786
    9788    9790    9789    9792
    9794    9796    9795    9798
    9800    9802    9801    9804
    9806    9808    9807    9810
    9812    9814    9813    9816
    9818    9820    9819    9822
    9824    9826    9825    9828
    9830    9832    9831    9834
    9836    9838    9837    9840
    9842    9844    9843    9846
    9848    9850    9849    9852
    9854    9856    9855    9858
    9860    9862    9861    9864
    9866    9868    9867    9870
    9872    9874    9873    9876
    9878    9880    9879    9882
    9884    9886    9885    9888
    9890    9892    9891    9894
    9896    9898    9897    9900
    9902    9904    9903    9906
    9908    9910    9909    9912
    9914    9916    9915    9918
    9920    9922    9921    9924
    9926    9928    9927    9930
    9932    9934    9933    9936
    9938    9940    9939    9942
    9944    9946    9945    9948
    9950    9952    9951    9954
    9956    9958    9957    9960
    9962    9964    9963    9966
    9968    9970    9969    9972
    9974    9976    9975    9978
    9980    9982    9981    9984
    9986    9988    9987    9990
    9992    9994    9993    9996
    9998   10000    9999
